Pos	A	C	G	T
1	0.107142857142857	0.0	0.0	0.892857142857143
2	0.678571428571429	0.0	0.321428571428571	0.0
3	0.0	0.0357142857142857	0.964285714285714	0.0
4	0.0357142857142857	0.0	0.928571428571429	0.0357142857142857
5	0.0	0.0357142857142857	0.142857142857143	0.821428571428571
6	0.0714285714285714	0.821428571428572	0.107142857142857	0.0
7	0.928571428571429	0.0357142857142857	0.0	0.0357142857142857
8	0.178571428571429	0.535714285714286	0.142857142857143	0.142857142857143
9	0.178571428571429	0.25	0.357142857142857	0.214285714285714
10	0.142857142857143	0.0714285714285714	0.642857142857143	0.142857142857143
11	0.0357142857142857	0.0	0.0714285714285714	0.892857142857143
12	0.0714285714285714	0.178571428571429	0.714285714285714	0.0357142857142857
13	0.785714285714286	0.178571428571429	0.0	0.0357142857142857
14	0.0357142857142857	0.964285714285714	0.0	0.0
15	0.0	0.892857142857143	0.0	0.107142857142857
16	0.107142857142857	0.428571428571429	0.0	0.464285714285714
17	0.785714285714286	0.178571428571429	0.0	0.0357142857142857
18	0.178571428571429	0.428571428571429	0.214285714285714	0.178571428571429
19	0.25	0.0	0.0357142857142857	0.714285714285714
