DB 0 MOTIF	MA0856.1	RXRG
-243.5	816.833
-242.5	815
-241.5	821.333
-240.5	825.625
-239.5	856.5
-238.5	834.643
-237.5	824.5
-236.5	793.917
-235.5	777
-234.5	795
-233.5	861.625
-232.5	816
-231.5	831.5
-230.5	836.333
-229.5	873
-228.5	824.333
-227.5	800.333
-226.5	791.125
-225.5	797.5
-224.5	820.75
-223.5	765.5
-222.5	821.333
-221.5	828
-220.5	801
-219.5	827
-218.5	813.333
-217.5	787
-216.5	788.5
-215.5	823
-214.5	855
-213.5	811.5
-212.5	806
-211.5	812.5
-210.5	788.5
-209.5	768.5
-208.5	779.5
-207.5	792.5
-206.5	821
-205.5	776
-204.5	782.833
-203.5	786
-202.5	757.5
-201.5	802
-200.5	787.033
-199.5	801.143
-198.5	794.5
-197.5	789.5
-196.5	742.5
-195.5	768.833
-194.5	797
-193.5	741
-192.5	797.5
-191.5	720.5
-190.5	784
-189.5	752
-188.5	778.333
-187.5	721.5
-186.5	797
-185.5	807
-184.5	744
-183.5	756
-182.5	759
-181.5	760.667
-180.5	712.933
-179.5	833.5
-178.5	761.333
-177.5	784.5
-176.5	795
-175.5	724.5
-174.5	761
-173.5	740.5
-172.5	715.25
-171.5	726.333
-170.5	784.333
-169.5	778
-168.5	762
-167.5	720.833
-166.5	800.5
-165.5	785.833
-164.5	731.5
-163.5	784.833
-162.5	746
-161.5	775.6
-160.5	731.5
-159.5	747.25
-158.5	785.7
-157.5	747
-156.5	752.167
-155.5	767
-154.5	744
-153.5	724
-152.5	741
-151.5	776.562
-150.5	735.333
-149.5	720
-148.5	785.333
-147.5	756.5
-146.5	787
-145.5	833.5
-144.5	735.833
-143.5	751
-142.5	778.5
-141.5	798.5
-140.5	839
-139.5	829.333
-138.5	745.5
-137.5	807
-136.5	812
-135.5	779.25
-134.5	818.5
-133.5	827.333
-132.5	797.333
-131.5	815.833
-130.5	804.5
-129.5	842.833
-128.5	830.667
-127.5	901.562
-126.5	832
-125.5	862.333
-124.5	856.5
-123.5	842
-122.5	841
-121.5	844.1
-120.5	836.167
-119.5	854.5
-118.5	828
-117.5	850.643
-116.5	860.667
-115.5	876.5
-114.5	828
-113.5	874.333
-112.5	821.5
-111.5	824.25
-110.5	918
-109.5	867
-108.5	872.5
-107.5	919
-106.5	887
-105.5	878
-104.5	932.333
-103.5	890.062
-102.5	874.6
-101.5	907.5
-100.5	870
 -99.5	863.5
 -98.5	876.5
 -97.5	921.5
 -96.5	913.083
 -95.5	939
 -94.5	922
 -93.5	908
 -92.5	906.5
 -91.5	911.333
 -90.5	908
 -89.5	909
 -88.5	979.333
 -87.5	875.25
 -86.5	930
 -85.5	928.833
 -84.5	940.333
 -83.5	923.5
 -82.5	925.25
 -81.5	924
 -80.5	901.833
 -79.5	935.062
 -78.5	941.143
 -77.5	1017
 -76.5	961.667
 -75.5	927.333
 -74.5	906.833
 -73.5	1005
 -72.5	962
 -71.5	941.5
 -70.5	944
 -69.5	1005.5
 -68.5	1004
 -67.5	970
 -66.5	936
 -65.5	972.5
 -64.5	1016.83
 -63.5	961.833
 -62.5	928.6
 -61.5	934.5
 -60.5	926.333
 -59.5	908.5
 -58.5	960.5
 -57.5	964.5
 -56.5	940.5
 -55.5	945.562
 -54.5	888
 -53.5	909.25
 -52.5	918.5
 -51.5	902
 -50.5	922.833
 -49.5	852
 -48.5	877.5
 -47.5	867
 -46.5	842.667
 -45.5	885.333
 -44.5	853.25
 -43.5	806
 -42.5	854
 -41.5	811
 -40.5	824.833
 -39.5	818.643
 -38.5	812.976
 -37.5	761
 -36.5	767.167
 -35.5	765
 -34.5	771.333
 -33.5	768
 -32.5	746.333
 -31.5	763.896
 -30.5	767.5
 -29.5	706.5
 -28.5	722.333
 -27.5	724.5
 -26.5	733.833
 -25.5	717
 -24.5	762.25
 -23.5	673
 -22.5	699.5
 -21.5	635
 -20.5	630
 -19.5	604.5
 -18.5	571
 -17.5	594
 -16.5	646.5
 -15.5	655
 -14.5	623
 -13.5	611
 -12.5	629.5
 -11.5	623
 -10.5	590.5
  -9.5	618
  -8.5	568.5
  -7.5	606.062
  -6.5	583
  -5.5	562
  -4.5	618.333
  -3.5	580.1
  -2.5	546
  -1.5	567
  -0.5	555.143
   0.5	556.5
   1.5	618.2
   2.5	553.5
   3.5	544.667
   4.5	589.25
   5.5	519.143
   6.5	598.5
   7.5	591.5
   8.5	573.5
   9.5	581
  10.5	607.5
  11.5	585
  12.5	622.5
  13.5	567
  14.5	609.533
  15.5	642.833
  16.5	643.562
  17.5	609.167
  18.5	636.5
  19.5	614
  20.5	635.5
  21.5	667.5
  22.5	680
  23.5	676.5
  24.5	674
  25.5	660.5
  26.5	709.5
  27.5	698.75
  28.5	684.833
  29.5	730.5
  30.5	761.5
  31.5	753.25
  32.5	719
  33.5	748
  34.5	784.5
  35.5	758.5
  36.5	758.6
  37.5	825.5
  38.5	797.143
  39.5	843.7
  40.5	799.562
  41.5	811.667
  42.5	825.5
  43.5	811.5
  44.5	769
  45.5	903.5
  46.5	827
  47.5	855.333
  48.5	872
  49.5	863.643
  50.5	876
  51.5	921
  52.5	882.5
  53.5	926.5
  54.5	959
  55.5	883.1
  56.5	946.5
  57.5	960.5
  58.5	917
  59.5	959.5
  60.5	936.833
  61.5	1025.5
  62.5	939.5
  63.5	954
  64.5	955.263
  65.5	973.333
  66.5	948.5
  67.5	969
  68.5	968.5
  69.5	961
  70.5	945.5
  71.5	983
  72.5	999
  73.5	933.5
  74.5	952
  75.5	996
  76.5	914.167
  77.5	978.083
  78.5	919.5
  79.5	951.5
  80.5	924.5
  81.5	960.5
  82.5	892.7
  83.5	935.75
  84.5	989
  85.5	990.5
  86.5	941.5
  87.5	910.833
  88.5	884.013
  89.5	957.2
  90.5	930.5
  91.5	957
  92.5	874.5
  93.5	955.643
  94.5	971.2
  95.5	886.85
  96.5	918.5
  97.5	868
  98.5	940
  99.5	928.833
 100.5	887.7
 101.5	906.5
 102.5	865
 103.5	856.333
 104.5	890
 105.5	922.833
 106.5	873.7
 107.5	902
 108.5	864
 109.5	914.5
 110.5	837.5
 111.5	887
 112.5	855
 113.5	820
 114.5	823.7
 115.5	856.5
 116.5	885.833
 117.5	872.333
 118.5	839
 119.5	819.25
 120.5	908
 121.5	813
 122.5	815.167
 123.5	832.833
 124.5	886
 125.5	863
 126.5	803.5
 127.5	844.7
 128.5	825.5
 129.5	816.833
 130.5	804.5
 131.5	857.833
 132.5	815.167
 133.5	826.5
 134.5	812.5
 135.5	762.85
 136.5	785.062
 137.5	732.643
 138.5	802.5
 139.5	793.333
 140.5	828
 141.5	785.333
 142.5	786
 143.5	817.333
 144.5	807.5
 145.5	799
 146.5	818.667
 147.5	798.333
 148.5	821.5
 149.5	774.25
 150.5	785
 151.5	773.25
 152.5	752.75
 153.5	781.5
 154.5	793
 155.5	748.5
 156.5	736
 157.5	701.083
 158.5	767.5
 159.5	839.5
 160.5	739.562
 161.5	741.5
 162.5	756.5
 163.5	759
 164.5	747.833
 165.5	762
 166.5	781.5
 167.5	772.5
 168.5	764.833
 169.5	730.95
 170.5	762
 171.5	730.5
 172.5	777.833
 173.5	711.833
 174.5	750.5
 175.5	795
 176.5	737.5
 177.5	752.333
 178.5	748
 179.5	773.333
 180.5	805
 181.5	764.81
 182.5	735.833
 183.5	796
 184.5	748.396
 185.5	753
 186.5	753.75
 187.5	757.75
 188.5	770.5
 189.5	742
 190.5	781.5
 191.5	790.5
 192.5	781.5
 193.5	737.833
 194.5	754
 195.5	814.375
 196.5	763.643
 197.5	766
 198.5	801
 199.5	787.5
 200.5	782
 201.5	750.5
 202.5	787.125
 203.5	786.143
 204.5	768.5
 205.5	804
 206.5	813
 207.5	769
 208.5	809.896
 209.5	811.625
 210.5	833.893
 211.5	807
 212.5	791.5
 213.5	798.5
 214.5	819.333
 215.5	827
 216.5	777.792
 217.5	809.976
 218.5	832
 219.5	784
 220.5	825
 221.5	840
 222.5	852
 223.5	856.125
 224.5	832.893
 225.5	806.143
 226.5	792.5
 227.5	822.333
 228.5	838
 229.5	773.5
 230.5	858.833
 231.5	813.143
 232.5	788.396
 233.5	764.75
 234.5	776
 235.5	813
 236.5	820
 237.5	840.5
 238.5	825.643
 239.5	819.5
 240.5	849.833
 241.5	812.5
 242.5	786
 243.5	807.5
DB 0 MOTIF	MA1148.1	PPARA::RXRA
-241.5	753.125
-240.5	734.625
-239.5	728.833
-238.5	753
-237.5	782.263
-236.5	711
-235.5	740.5
-234.5	734.125
-233.5	737.5
-232.5	764
-231.5	777.846
-230.5	773
-229.5	715
-228.5	766.667
-227.5	754.625
-226.5	726
-225.5	732.263
-224.5	733.5
-223.5	764.25
-222.5	746
-221.5	724.833
-220.5	754
-219.5	763.013
-218.5	712.5
-217.5	719.5
-216.5	743.5
-215.5	705
-214.5	746
-213.5	714.513
-212.5	747
-211.5	712.5
-210.5	707
-209.5	695.5
-208.5	765.5
-207.5	695.013
-206.5	705.333
-205.5	698.5
-204.5	688.5
-203.5	648.5
-202.5	680.458
-201.5	741.513
-200.5	705
-199.5	685.5
-198.5	671.833
-197.5	712
-196.5	669.333
-195.5	694.013
-194.5	655
-193.5	726.5
-192.5	672.5
-191.5	684.5
-190.5	639
-189.5	653.346
-188.5	657.5
-187.5	677.5
-186.5	679.5
-185.5	661.5
-184.5	659
-183.5	641.655
-182.5	666.5
-181.5	734
-180.5	672
-179.5	651
-178.5	635
-177.5	691.513
-176.5	699
-175.5	658
-174.5	648
-173.5	669.75
-172.5	646
-171.5	689.513
-170.5	673.5
-169.5	699.5
-168.5	667
-167.5	684.5
-166.5	657
-165.5	721.679
-164.5	713.125
-163.5	665.5
-162.5	682.5
-161.5	713
-160.5	652.5
-159.5	677.513
-158.5	742.5
-157.5	709
-156.5	670
-155.5	673.143
-154.5	732
-153.5	714.513
-152.5	698
-151.5	742
-150.5	692.5
-149.5	731
-148.5	661.5
-147.5	677.846
-146.5	692.5
-145.5	699
-144.5	696.5
-143.5	728.333
-142.5	664
-141.5	726.013
-140.5	750.667
-139.5	757
-138.5	750
-137.5	726
-136.5	767
-135.5	746.013
-134.5	726.5
-133.5	720.5
-132.5	750.5
-131.5	754.75
-130.5	776.5
-129.5	781.513
-128.5	780
-127.5	761.643
-126.5	772.625
-125.5	729
-124.5	821
-123.5	812.513
-122.5	770.5
-121.5	744
-120.5	755.5
-119.5	798
-118.5	826
-117.5	788.513
-116.5	812
-115.5	801.5
-114.5	782
-113.5	814
-112.5	817.5
-111.5	819.513
-110.5	765.5
-109.5	848.5
-108.5	817.5
-107.5	826
-106.5	819.5
-105.5	828.013
-104.5	792.5
-103.5	879.833
-102.5	785
-101.5	831.5
-100.5	818.5
 -99.5	859.655
 -98.5	792.5
 -97.5	869.5
 -96.5	826.5
 -95.5	874.75
 -94.5	855.833
 -93.5	863.013
 -92.5	833.5
 -91.5	862
 -90.5	872
 -89.5	848.5
 -88.5	829.125
 -87.5	883.513
 -86.5	899
 -85.5	835.5
 -84.5	899.5
 -83.5	894.25
 -82.5	950.5
 -81.5	888.013
 -80.5	838.333
 -79.5	890.5
 -78.5	878
 -77.5	868.5
 -76.5	846.25
 -75.5	888.846
 -74.5	870
 -73.5	915.833
 -72.5	897
 -71.5	941.643
 -70.5	902.5
 -69.5	852.513
 -68.5	902
 -67.5	842
 -66.5	886
 -65.5	877.5
 -64.5	835.5
 -63.5	854.513
 -62.5	824
 -61.5	858
 -60.5	821.5
 -59.5	850.5
 -58.5	801.5
 -57.5	826.846
 -56.5	809
 -55.5	805
 -54.5	853.75
 -53.5	817.5
 -52.5	730.5
 -51.5	801.513
 -50.5	806.125
 -49.5	786.5
 -48.5	744.5
 -47.5	763.533
 -46.5	816.5
 -45.5	763.263
 -44.5	781
 -43.5	763.143
 -42.5	749.5
 -41.5	744
 -40.5	697.7
 -39.5	719.655
 -38.5	746
 -37.5	704.5
 -36.5	711.167
 -35.5	701.25
 -34.5	702
 -33.5	689.546
 -32.5	673.5
 -31.5	691
 -30.5	673.5
 -29.5	645.5
 -28.5	649
 -27.5	622.513
 -26.5	625.2
 -25.5	629.25
 -24.5	655.5
 -23.5	670.5
 -22.5	693.5
 -21.5	629.513
 -20.5	605.167
 -19.5	589.2
 -18.5	636
 -17.5	613
 -16.5	630.5
 -15.5	588.155
 -14.5	636.333
 -13.5	542.75
 -12.5	565.625
 -11.5	585.083
 -10.5	575
  -9.5	596.513
  -8.5	604.5
  -7.5	590
  -6.5	630.5
  -5.5	571
  -4.5	569
  -3.5	577.013
  -2.5	577.5
  -1.5	604.5
  -0.5	607
   0.5	599.5
   1.5	578
   2.5	571.013
   3.5	572.333
   4.5	608.143
   5.5	599
   6.5	576.5
   7.5	555.5
   8.5	608.013
   9.5	586.5
  10.5	589.25
  11.5	565.5
  12.5	579
  13.5	619
  14.5	625.513
  15.5	617.5
  16.5	643
  17.5	593.5
  18.5	617.5
  19.5	664.5
  20.5	643.179
  21.5	610
  22.5	633.5
  23.5	637.75
  24.5	656
  25.5	645
  26.5	637.013
  27.5	635.5
  28.5	594
  29.5	662.5
  30.5	656
  31.5	656
  32.5	686.013
  33.5	652.5
  34.5	710
  35.5	739
  36.5	712.5
  37.5	686.5
  38.5	716.513
  39.5	750.5
  40.5	731
  41.5	718.5
  42.5	734
  43.5	743.5
  44.5	770.513
  45.5	762.5
  46.5	790.5
  47.5	734.5
  48.5	753.643
  49.5	768.167
  50.5	796.679
  51.5	829
  52.5	822
  53.5	842.5
  54.5	811.75
  55.5	808
  56.5	845.713
  57.5	870.5
  58.5	787
  59.5	804.5
  60.5	801.5
  61.5	821.833
  62.5	818.513
  63.5	821.458
  64.5	842
  65.5	854.25
  66.5	867.5
  67.5	856.333
  68.5	810.013
  69.5	835.5
  70.5	874
  71.5	899
  72.5	881.5
  73.5	859
  74.5	904.013
  75.5	873
  76.5	895
  77.5	917
  78.5	883.5
  79.5	922.5
  80.5	961.013
  81.5	892.75
  82.5	890.25
  83.5	873
  84.5	899.5
  85.5	890.5
  86.5	889.013
  87.5	842
  88.5	899.5
  89.5	902.5
  90.5	909
  91.5	810.5
  92.5	838.155
  93.5	863.75
  94.5	854.7
  95.5	844
  96.5	884.25
  97.5	872.5
  98.5	872.013
  99.5	888.5
 100.5	855
 101.5	879.417
 102.5	875.5
 103.5	847
 104.5	799.013
 105.5	827
 106.5	813.5
 107.5	835.5
 108.5	829
 109.5	837.5
 110.5	865.513
 111.5	754
 112.5	791
 113.5	796
 114.5	736.5
 115.5	793.667
 116.5	815.513
 117.5	754
 118.5	807.5
 119.5	784
 120.5	792
 121.5	794.833
 122.5	787.013
 123.5	775.75
 124.5	803.5
 125.5	753.833
 126.5	752.5
 127.5	735.833
 128.5	716.763
 129.5	737.25
 130.5	709.5
 131.5	788.25
 132.5	758.7
 133.5	779.25
 134.5	771.513
 135.5	727.5
 136.5	714.976
 137.5	783
 138.5	732.25
 139.5	722
 140.5	688.763
 141.5	750
 142.5	746.5
 143.5	719.5
 144.5	691.5
 145.5	675.5
 146.5	732.013
 147.5	737
 148.5	697
 149.5	761
 150.5	720
 151.5	689
 152.5	685.013
 153.5	670.833
 154.5	669.5
 155.5	675.5
 156.5	681.5
 157.5	676
 158.5	644.513
 159.5	680.25
 160.5	737.5
 161.5	699.25
 162.5	661
 163.5	682.5
 164.5	704.013
 165.5	677.333
 166.5	685.5
 167.5	764
 168.5	738.5
 169.5	672.25
 170.5	695.546
 171.5	648.833
 172.5	668.5
 173.5	705.5
 174.5	697
 175.5	639
 176.5	655.013
 177.5	666.333
 178.5	737
 179.5	683
 180.5	687.143
 181.5	752.5
 182.5	648.513
 183.5	687
 184.5	662
 185.5	635
 186.5	686.5
 187.5	670.333
 188.5	675.513
 189.5	655.167
 190.5	691.5
 191.5	705.5
 192.5	698.5
 193.5	660.5
 194.5	686.638
 195.5	678.333
 196.5	679.5
 197.5	670.143
 198.5	677
 199.5	646.5
 200.5	649.513
 201.5	676.125
 202.5	653.5
 203.5	674
 204.5	743.143
 205.5	688
 206.5	726.013
 207.5	694.75
 208.5	719.075
 209.5	695
 210.5	658
 211.5	708.893
 212.5	658.013
 213.5	756.5
 214.5	740.5
 215.5	718.625
 216.5	712.5
 217.5	677
 218.5	742.655
 219.5	723
 220.5	703.5
 221.5	750.75
 222.5	753.625
 223.5	761.5
 224.5	720.989
 225.5	727.143
 226.5	738.5
 227.5	720.833
 228.5	786.5
 229.5	693
 230.5	722.513
 231.5	707.25
 232.5	708.643
 233.5	733.5
 234.5	712.5
 235.5	740.5
 236.5	757.513
 237.5	682.5
 238.5	712.5
 239.5	721.393
 240.5	757
 241.5	800.083
DB 0 MOTIF	MA1148.2	PPARA::RXRA
-242.0	731.125
-241.0	707
-240.0	735.875
-239.0	770.5
-238.0	761.75
-237.0	727.513
-236.0	735
-235.0	717.125
-234.0	729
-233.0	800.5
-232.0	733
-231.0	803.346
-230.0	748.5
-229.0	725.333
-228.0	787.458
-227.0	723
-226.0	723.25
-225.0	752.013
-224.0	769.5
-223.0	758.75
-222.0	726
-221.0	729.833
-220.0	732.5
-219.0	739.513
-218.0	697
-217.0	713
-216.0	750.5
-215.0	701
-214.0	749.5
-213.0	724.013
-212.0	726
-211.0	689
-210.0	717.5
-209.0	709.5
-208.0	754.333
-207.0	709.763
-206.0	681.5
-205.0	704.5
-204.0	686.5
-203.0	646.333
-202.0	704.125
-201.0	748.013
-200.0	677
-199.0	700.5
-198.0	671.333
-197.0	696.333
-196.0	663
-195.0	669.013
-194.0	699.333
-193.0	683.5
-192.0	678.5
-191.0	643.5
-190.0	680.833
-189.0	649.013
-188.0	647
-187.0	688.833
-186.0	698.333
-185.0	645
-184.0	684
-183.0	657.155
-182.0	700.5
-181.0	686.5
-180.0	678.833
-179.0	630
-178.0	675
-177.0	677.513
-176.0	688
-175.0	649.5
-174.0	650.25
-173.0	665.5
-172.0	659
-171.0	679.013
-170.0	681.5
-169.0	705.5
-168.0	652.833
-167.0	688
-166.0	708.333
-165.0	726.346
-164.0	675.958
-163.0	682.5
-162.0	690.5
-161.0	682
-160.0	716
-159.0	690.513
-158.0	707
-157.0	705
-156.0	659.5
-155.0	746.143
-154.0	715.5
-153.0	669.513
-152.0	732.5
-151.0	700
-150.0	689.5
-149.0	719.5
-148.0	649
-147.0	705.346
-146.0	692.75
-145.0	689
-144.0	724.5
-143.0	700.833
-142.0	663.5
-141.0	787.429
-140.0	726
-139.0	737.5
-138.0	776
-137.0	726
-136.0	782.5
-135.0	712.513
-134.0	739.5
-133.0	746
-132.0	746.75
-131.0	784.5
-130.0	732.5
-129.0	794.013
-128.0	765
-127.0	777.643
-126.0	752.625
-125.0	756.5
-124.0	841.5
-123.0	786.013
-122.0	747.5
-121.0	775.5
-120.0	742.5
-119.0	786.5
-118.0	800.5
-117.0	846.013
-116.0	768
-115.0	797
-114.0	789.5
-113.0	806
-112.0	830.5
-111.0	794.513
-110.0	836.5
-109.0	807
-108.0	811.75
-107.0	823
-106.0	821
-105.0	842.513
-104.0	842.5
-103.0	790.833
-102.0	848.5
-101.0	812
-100.0	820.5
 -99.0	842.155
 -98.0	827.5
 -97.0	851.5
 -96.0	848.833
 -95.0	872.75
 -94.0	871.333
 -93.0	822.013
 -92.0	845.5
 -91.0	830.5
 -90.0	864
 -89.0	891
 -88.0	823.125
 -87.0	928.513
 -86.0	854.5
 -85.0	844
 -84.0	920.25
 -83.0	961.5
 -82.0	870
 -81.0	865.346
 -80.0	865
 -79.0	915.5
 -78.0	844.5
 -77.0	881.5
 -76.0	871.583
 -75.0	877.013
 -74.0	862.5
 -73.0	932.833
 -72.0	872
 -71.0	929.643
 -70.0	884
 -69.0	838.013
 -68.0	901.5
 -67.0	821.5
 -66.0	876.5
 -65.0	843.5
 -64.0	881
 -63.0	841.013
 -62.0	833.5
 -61.0	832
 -60.0	813
 -59.0	796
 -58.0	835.5
 -57.0	779.846
 -56.0	827.5
 -55.0	794.75
 -54.0	821
 -53.0	783.5
 -52.0	794
 -51.0	785.513
 -50.0	771.625
 -49.0	789
 -48.0	703.333
 -47.0	783.7
 -46.0	815.75
 -45.0	777.013
 -44.0	734
 -43.0	760.643
 -42.0	744.5
 -41.0	716.5
 -40.0	698.343
 -39.0	755.013
 -38.0	711.5
 -37.0	712.167
 -36.0	732.75
 -35.0	697
 -34.0	680.5
 -33.0	656.046
 -32.0	716
 -31.0	686
 -30.0	648
 -29.0	647.5
 -28.0	643
 -27.0	624.013
 -26.0	628.45
 -25.0	661
 -24.0	642
 -23.0	705.5
 -22.0	623.5
 -21.0	657.179
 -20.0	591
 -19.0	587.2
 -18.0	638
 -17.0	651
 -16.0	604
 -15.0	615.489
 -14.0	566.25
 -13.0	576.5
 -12.0	588.625
 -11.0	545.583
 -10.0	605
  -9.0	604.013
  -8.0	608
  -7.0	614.5
  -6.0	582
  -5.0	595.5
  -4.0	542
  -3.0	591.513
  -2.0	584.5
  -1.0	631
   0.0	602
   1.0	575
   2.0	585.5
   3.0	584.263
   4.0	581.226
   5.0	625
   6.0	568.833
   7.0	575
   8.0	577
   9.0	622.513
  10.0	557.5
  11.0	561.25
  12.0	612.5
  13.0	612.833
  14.0	603.833
  15.0	616.513
  16.0	634
  17.0	615
  18.0	619.5
  19.0	646.5
  20.0	668.667
  21.0	616.013
  22.0	636.833
  23.0	637.25
  24.0	661
  25.0	634
  26.0	647.5
  27.0	649.513
  28.0	633.25
  29.0	596.5
  30.0	684
  31.0	681
  32.0	665
  33.0	690.013
  34.0	649
  35.0	712
  36.0	740.333
  37.0	714
  38.0	686
  39.0	752.513
  40.0	729.5
  41.0	711
  42.0	698
  43.0	762
  44.0	761.5
  45.0	739.513
  46.0	780.5
  47.0	790.5
  48.0	723.143
  49.0	739
  50.0	776.833
  51.0	826.513
  52.0	775
  53.0	883.5
  54.0	792.5
  55.0	794.75
  56.0	788.5
  57.0	886.213
  58.0	796
  59.0	819.833
  60.0	791.5
  61.0	802
  62.0	818.833
  63.0	790.013
  64.0	839.458
  65.0	827.25
  66.0	849.5
  67.0	895.333
  68.0	811.5
  69.0	838.013
  70.0	828
  71.0	887
  72.0	829
  73.0	907
  74.0	874
  75.0	863.013
  76.0	884.5
  77.0	896.5
  78.0	895.5
  79.0	858.5
  80.0	941
  81.0	930.013
  82.0	886.167
  83.0	868.333
  84.0	846.333
  85.0	929.167
  86.0	862.75
  87.0	873.013
  88.0	866.5
  89.0	877
  90.0	913
  91.0	877
  92.0	821.643
  93.0	875.513
  94.0	850.25
  95.0	878.2
  96.0	847
  97.0	868.75
  98.0	877.5
  99.0	874.513
 100.0	889.5
 101.0	849.75
 102.0	867.667
 103.0	856.5
 104.0	828.5
 105.0	801.513
 106.0	809
 107.0	829.5
 108.0	851
 109.0	856
 110.0	835.5
 111.0	813.013
 112.0	751.5
 113.0	809.5
 114.0	786.5
 115.0	727.667
 116.0	806.5
 117.0	768.513
 118.0	803.5
 119.0	773.833
 120.0	811.167
 121.0	794
 122.0	784.833
 123.0	767.763
 124.0	777
 125.0	786.833
 126.0	757
 127.0	726.333
 128.0	728.75
 129.0	738.513
 130.0	719.25
 131.0	748
 132.0	778.25
 133.0	781.45
 134.0	751.5
 135.0	748.013
 136.0	709.643
 137.0	748.333
 138.0	754.75
 139.0	709.5
 140.0	726.25
 141.0	704.513
 142.0	738
 143.0	749
 144.0	665
 145.0	678
 146.0	698.5
 147.0	720.013
 148.0	718
 149.0	702
 150.0	732.5
 151.0	725
 152.0	676
 153.0	683.513
 154.0	690.667
 155.0	639.167
 156.0	677.5
 157.0	704
 158.0	663.5
 159.0	630.513
 160.0	708.75
 161.0	728
 162.0	687.25
 163.0	675
 164.0	693
 165.0	690.513
 166.0	682.333
 167.0	716.5
 168.0	702.5
 169.0	749
 170.0	672.25
 171.0	674.879
 172.0	670.5
 173.0	650.5
 174.0	702.5
 175.0	675
 176.0	639
 177.0	677.346
 178.0	687.333
 179.0	705.5
 180.0	698.643
 181.0	674.5
 182.0	747
 183.0	646.013
 184.0	689.5
 185.0	653
 186.0	658.5
 187.0	673.333
 188.0	642.5
 189.0	661.513
 190.0	680.667
 191.0	674
 192.0	669.5
 193.0	697
 194.0	660.125
 195.0	669.013
 196.0	672.333
 197.0	654
 198.0	709.143
 199.0	644.5
 200.0	666.333
 201.0	680.638
 202.0	675.25
 203.0	662.5
 204.0	740
 205.0	696.143
 206.0	698
 207.0	736.513
 208.0	696.875
 209.0	748.45
 210.0	680.5
 211.0	669.25
 212.0	685.143
 213.0	707.513
 214.0	773.5
 215.0	723.125
 216.0	725
 217.0	725
 218.0	654.5
 219.0	741.655
 220.0	733.5
 221.0	703.75
 222.0	727.125
 223.0	727.5
 224.0	781.31
 225.0	712.013
 226.0	757.643
 227.0	722.333
 228.0	745
 229.0	745
 230.0	701.5
 231.0	700.763
 232.0	735
 233.0	731.643
 234.0	690.5
 235.0	747
 236.0	746.5
 237.0	696.013
 238.0	728
 239.0	708
 240.0	721.393
 241.0	764.25
 242.0	773.333
DB 0 MOTIF	MA1550.1	PPARD
-242.5	334
-241.5	342.333
-240.5	336.625
-239.5	359
-238.5	333.5
-237.5	336.5
-236.5	303.25
-235.5	327.333
-234.5	345.5
-233.5	333.625
-232.5	329.333
-231.5	342
-230.5	322.5
-229.5	336
-228.5	341
-227.5	339.333
-226.5	338.958
-225.5	324
-224.5	338.25
-223.5	321
-222.5	307.5
-221.5	291
-220.5	346.333
-219.5	304
-218.5	337.5
-217.5	315.5
-216.5	315.833
-215.5	356.5
-214.5	345
-213.5	312
-212.5	330.5
-211.5	339.5
-210.5	338
-209.5	339
-208.5	322
-207.5	296
-206.5	363
-205.5	319.5
-204.5	318
-203.5	337.5
-202.5	292.5
-201.5	324.5
-200.5	366
-199.5	316
-198.5	327
-197.5	313
-196.5	321.5
-195.5	314.333
-194.5	342.5
-193.5	342
-192.5	344
-191.5	308
-190.5	318
-189.5	300
-188.5	336.333
-187.5	317.5
-186.5	323.5
-185.5	352
-184.5	324.5
-183.5	310.5
-182.5	330.5
-181.5	308.5
-180.5	303
-179.5	339
-178.5	290
-177.5	321
-176.5	328.5
-175.5	300
-174.5	339
-173.5	315.5
-172.5	322.75
-171.5	328.5
-170.5	311
-169.5	312
-168.5	350.5
-167.5	315
-166.5	301
-165.5	350
-164.5	300
-163.5	304.333
-162.5	300.5
-161.5	326
-160.5	305
-159.5	322
-158.5	319
-157.5	298.5
-156.5	337
-155.5	310.5
-154.5	321.5
-153.5	326.5
-152.5	336.5
-151.5	325.5
-150.5	337.5
-149.5	311.5
-148.5	331.5
-147.5	321
-146.5	304
-145.5	327
-144.5	343.5
-143.5	351.5
-142.5	307
-141.5	314
-140.5	352
-139.5	360
-138.5	326.5
-137.5	338
-136.5	351.333
-135.5	368
-134.5	369
-133.5	354.5
-132.5	354
-131.5	370
-130.5	371.5
-129.5	388
-128.5	375.5
-127.5	380.5
-126.5	379
-125.5	383
-124.5	368.5
-123.5	395
-122.5	364
-121.5	380
-120.5	398.5
-119.5	365.5
-118.5	374.5
-117.5	357
-116.5	382
-115.5	375.5
-114.5	376.333
-113.5	403
-112.5	377
-111.5	387.5
-110.5	391
-109.5	397.333
-108.5	422.5
-107.5	368.5
-106.5	382
-105.5	390.5
-104.5	394.5
-103.5	383
-102.5	417.5
-101.5	390
-100.5	382.5
 -99.5	405.5
 -98.5	396.5
 -97.5	407
 -96.5	421.75
 -95.5	411.5
 -94.5	436
 -93.5	436
 -92.5	400
 -91.5	400.5
 -90.5	401.5
 -89.5	386.5
 -88.5	477
 -87.5	392
 -86.5	412.5
 -85.5	428
 -84.5	390
 -83.5	402
 -82.5	440.25
 -81.5	417.5
 -80.5	420.333
 -79.5	409.833
 -78.5	433
 -77.5	450.5
 -76.5	405
 -75.5	427.5
 -74.5	431
 -73.5	445
 -72.5	419
 -71.5	414.5
 -70.5	416.5
 -69.5	443
 -68.5	415.5
 -67.5	455.5
 -66.5	441.5
 -65.5	457.833
 -64.5	411.5
 -63.5	404.5
 -62.5	409.5
 -61.5	394
 -60.5	410.5
 -59.5	358.833
 -58.5	392
 -57.5	420
 -56.5	397.833
 -55.5	414.5
 -54.5	389
 -53.5	348.25
 -52.5	383
 -51.5	328
 -50.5	417.5
 -49.5	372
 -48.5	369.2
 -47.5	376.5
 -46.5	309.833
 -45.5	357.333
 -44.5	373.75
 -43.5	313.5
 -42.5	318
 -41.5	338.2
 -40.5	289
 -39.5	317.5
 -38.5	320.333
 -37.5	326
 -36.5	318.5
 -35.5	312.5
 -34.5	308.95
 -33.5	291
 -32.5	303
 -31.5	270.833
 -30.5	262
 -29.5	271
 -28.5	281
 -27.5	272.7
 -26.5	290
 -25.5	302
 -24.5	287.583
 -23.5	269
 -22.5	257
 -21.5	256.5
 -20.5	214.2
 -19.5	229
 -18.5	247
 -17.5	232.5
 -16.5	242.5
 -15.5	274
 -14.5	223
 -13.5	250.333
 -12.5	236.5
 -11.5	251.333
 -10.5	225
  -9.5	250.5
  -8.5	250
  -7.5	226
  -6.5	235
  -5.5	227
  -4.5	263
  -3.5	249
  -2.5	241.5
  -1.5	225.5
  -0.5	224
   0.5	224
   1.5	262
   2.5	241
   3.5	253.5
   4.5	225.25
   5.5	250
   6.5	246.5
   7.5	245
   8.5	206
   9.5	222
  10.5	236
  11.5	251
  12.5	247
  13.5	246
  14.5	257.5
  15.5	229
  16.5	231.5
  17.5	248.5
  18.5	241
  19.5	227.5
  20.5	282
  21.5	253
  22.5	258
  23.5	265
  24.5	269
  25.5	241
  26.5	282
  27.5	269
  28.5	283
  29.5	300
  30.5	274.5
  31.5	294.583
  32.5	283
  33.5	302
  34.5	307.5
  35.5	275.5
  36.5	294.25
  37.5	316.5
  38.5	322.5
  39.5	321
  40.5	310.5
  41.5	321
  42.5	310
  43.5	306
  44.5	312.5
  45.5	367.75
  46.5	352.5
  47.5	306.5
  48.5	339.5
  49.5	375
  50.5	328
  51.5	366.5
  52.5	391
  53.5	375
  54.5	414.5
  55.5	416.333
  56.5	409.5
  57.5	387.5
  58.5	403
  59.5	377.5
  60.5	384.5
  61.5	414
  62.5	390
  63.5	412
  64.5	404
  65.5	419
  66.5	381.5
  67.5	416
  68.5	433
  69.5	407.5
  70.5	429.5
  71.5	407.5
  72.5	447.25
  73.5	422
  74.5	438
  75.5	424.5
  76.5	410.5
  77.5	447
  78.5	459
  79.5	420.5
  80.5	435.333
  81.5	395.5
  82.5	444
  83.5	452.75
  84.5	429
  85.5	432.5
  86.5	421
  87.5	431.5
  88.5	458.5
  89.5	450.5
  90.5	435
  91.5	447
  92.5	418
  93.5	413
  94.5	422
  95.5	406.75
  96.5	437.5
  97.5	412
  98.5	434
  99.5	402.833
 100.5	426
 101.5	388
 102.5	410.5
 103.5	408
 104.5	406.5
 105.5	438
 106.5	396.5
 107.5	414
 108.5	410.25
 109.5	414
 110.5	392
 111.5	413.5
 112.5	386.833
 113.5	356
 114.5	374.5
 115.5	391
 116.5	413
 117.5	373
 118.5	370
 119.5	357.5
 120.5	378.5
 121.5	356.5
 122.5	358
 123.5	406.5
 124.5	374
 125.5	375.25
 126.5	362
 127.5	364.5
 128.5	359.833
 129.5	339.833
 130.5	380
 131.5	338
 132.5	358
 133.5	359.333
 134.5	360
 135.5	332.75
 136.5	371.5
 137.5	310
 138.5	389.5
 139.5	314.5
 140.5	357.333
 141.5	343.5
 142.5	334.5
 143.5	325.5
 144.5	343.25
 145.5	318.5
 146.5	349.5
 147.5	335.5
 148.5	369
 149.5	340.5
 150.5	330
 151.5	329
 152.5	335.75
 153.5	335
 154.5	359.5
 155.5	316.5
 156.5	303.5
 157.5	287.5
 158.5	341
 159.5	373
 160.5	315
 161.5	300.5
 162.5	307.5
 163.5	317.5
 164.5	305
 165.5	326
 166.5	350.5
 167.5	329
 168.5	304
 169.5	349.75
 170.5	299.5
 171.5	324
 172.5	322
 173.5	312
 174.5	323
 175.5	338
 176.5	315
 177.5	350
 178.5	330.333
 179.5	338.5
 180.5	358.5
 181.5	331.5
 182.5	316
 183.5	317
 184.5	332
 185.5	314
 186.5	341.25
 187.5	310
 188.5	340
 189.5	315
 190.5	312
 191.5	311
 192.5	308.5
 193.5	327.5
 194.5	327
 195.5	292.125
 196.5	320.143
 197.5	335.5
 198.5	317.5
 199.5	336
 200.5	297.5
 201.5	337.5
 202.5	315.625
 203.5	322.143
 204.5	313
 205.5	337.75
 206.5	342
 207.5	333
 208.5	332.5
 209.5	327.625
 210.5	369.643
 211.5	319.5
 212.5	327
 213.5	339
 214.5	337
 215.5	357.5
 216.5	273.125
 217.5	343.143
 218.5	336
 219.5	338.5
 220.5	338.5
 221.5	338
 222.5	341.5
 223.5	318.625
 224.5	328.643
 225.5	347.5
 226.5	315.5
 227.5	328.5
 228.5	348.333
 229.5	283
 230.5	328
 231.5	313.143
 232.5	344
 233.5	343
 234.5	317
 235.5	317
 236.5	351.5
 237.5	315
 238.5	318.143
 239.5	317
 240.5	342
 241.5	292
 242.5	357
DB 0 MOTIF	MA1550.2	PPARD
-243.5	324
-242.5	344.5
-241.5	345.333
-240.5	354.625
-239.5	361.5
-238.5	340.5
-237.5	342.5
-236.5	311.25
-235.5	333
-234.5	343.5
-233.5	355.625
-232.5	343.333
-231.5	353
-230.5	317
-229.5	337
-228.5	343
-227.5	352.833
-226.5	340.458
-225.5	343
-224.5	336.25
-223.5	322.5
-222.5	314.5
-221.5	316
-220.5	347.833
-219.5	312.5
-218.5	343.5
-217.5	331.833
-216.5	312.833
-215.5	360.5
-214.5	353.5
-213.5	314.5
-212.5	353.5
-211.5	345.5
-210.5	340
-209.5	354.333
-208.5	326
-207.5	307
-206.5	366
-205.5	317.5
-204.5	315.833
-203.5	343.5
-202.5	290.5
-201.5	346.5
-200.5	366
-199.5	331.75
-198.5	338.5
-197.5	316.5
-196.5	325
-195.5	339.333
-194.5	334.5
-193.5	335.5
-192.5	358.25
-191.5	316.5
-190.5	332.5
-189.5	314
-188.5	339.833
-187.5	331.833
-186.5	342
-185.5	353.25
-184.5	326
-183.5	316.5
-182.5	334
-181.5	307.833
-180.5	309.5
-179.5	333.5
-178.5	300.25
-177.5	317
-176.5	333
-175.5	311
-174.5	338
-173.5	311.5
-172.5	321.25
-171.5	328
-170.5	322.5
-169.5	314
-168.5	347
-167.5	317
-166.5	302.5
-165.5	348.833
-164.5	315
-163.5	317.333
-162.5	306
-161.5	327.5
-160.5	302
-159.5	319
-158.5	330.5
-157.5	303
-156.5	349
-155.5	307.5
-154.5	310.333
-153.5	327
-152.5	334
-151.5	339
-150.5	333
-149.5	310
-148.5	335.5
-147.5	324
-146.5	300.5
-145.5	342.5
-144.5	338
-143.5	349.5
-142.5	305.5
-141.5	312
-140.5	345.333
-139.5	356
-138.5	321
-137.5	342
-136.5	343.833
-135.5	366.5
-134.5	370
-133.5	349
-132.5	352.5
-131.5	370.5
-130.5	384
-129.5	402
-128.5	387
-127.5	389
-126.5	374
-125.5	375.5
-124.5	361
-123.5	386
-122.5	358
-121.5	373
-120.5	401.5
-119.5	368
-118.5	375
-117.5	352.5
-116.5	369.5
-115.5	376.5
-114.5	374.333
-113.5	405
-112.5	370.5
-111.5	394.5
-110.5	392
-109.5	395.333
-108.5	410.5
-107.5	368.5
-106.5	366.5
-105.5	381
-104.5	393.333
-103.5	367.5
-102.5	404
-101.5	396
-100.5	379.5
 -99.5	396
 -98.5	385
 -97.5	397.5
 -96.5	413.75
 -95.5	401
 -94.5	437.5
 -93.5	430
 -92.5	393.333
 -91.5	393.5
 -90.5	392
 -89.5	383.5
 -88.5	451
 -87.5	385
 -86.5	405.5
 -85.5	423
 -84.5	378.833
 -83.5	397
 -82.5	430.25
 -81.5	420
 -80.5	403.833
 -79.5	407.833
 -78.5	411
 -77.5	433.5
 -76.5	398
 -75.5	423
 -74.5	429.5
 -73.5	434.5
 -72.5	413.5
 -71.5	409.5
 -70.5	424
 -69.5	441
 -68.5	406.5
 -67.5	452
 -66.5	433
 -65.5	465.333
 -64.5	412
 -63.5	393.5
 -62.5	403.5
 -61.5	380
 -60.5	398
 -59.5	373.333
 -58.5	394.5
 -57.5	401
 -56.5	391.667
 -55.5	404
 -54.5	382.5
 -53.5	347.75
 -52.5	376
 -51.5	332
 -50.5	409.5
 -49.5	365.5
 -48.5	378.533
 -47.5	370.5
 -46.5	308.833
 -45.5	352.833
 -44.5	367.25
 -43.5	317
 -42.5	314
 -41.5	332.7
 -40.5	285
 -39.5	306.5
 -38.5	309.333
 -37.5	328
 -36.5	308.5
 -35.5	310.5
 -34.5	305.45
 -33.5	291.5
 -32.5	298.5
 -31.5	279.833
 -30.5	260.5
 -29.5	275.5
 -28.5	286
 -27.5	268.2
 -26.5	293
 -25.5	308
 -24.5	291.583
 -23.5	266
 -22.5	262.5
 -21.5	260
 -20.5	223.2
 -19.5	231.5
 -18.5	250
 -17.5	243
 -16.5	246.5
 -15.5	275
 -14.5	221
 -13.5	255.833
 -12.5	241.5
 -11.5	259
 -10.5	222
  -9.5	255
  -8.5	251
  -7.5	233
  -6.5	229
  -5.5	236.5
  -4.5	273
  -3.5	263
  -2.5	238.5
  -1.5	228.5
  -0.5	231
   0.5	226
   1.5	257
   2.5	246.5
   3.5	254
   4.5	222.25
   5.5	251.833
   6.5	254.5
   7.5	243
   8.5	222
   9.5	232
  10.5	248
  11.5	248
  12.5	250.5
  13.5	244
  14.5	254.5
  15.5	236.5
  16.5	236.5
  17.5	257.5
  18.5	240.5
  19.5	238
  20.5	282
  21.5	263
  22.5	265.5
  23.5	268
  24.5	268.5
  25.5	253
  26.5	289.5
  27.5	268
  28.5	282
  29.5	307
  30.5	273.5
  31.5	290.083
  32.5	279.5
  33.5	297.5
  34.5	312
  35.5	281
  36.5	300.25
  37.5	327
  38.5	322
  39.5	321
  40.5	313.5
  41.5	314.5
  42.5	319
  43.5	311.333
  44.5	316
  45.5	371.25
  46.5	336.5
  47.5	299.5
  48.5	345.5
  49.5	360.5
  50.5	324.5
  51.5	368
  52.5	397
  53.5	373.5
  54.5	398.5
  55.5	400.5
  56.5	393
  57.5	376
  58.5	400
  59.5	388
  60.5	381.5
  61.5	393.5
  62.5	390
  63.5	408
  64.5	400
  65.5	423
  66.5	368.5
  67.5	412.5
  68.5	423.833
  69.5	401.5
  70.5	410
  71.5	408
  72.5	441.75
  73.5	403.5
  74.5	415
  75.5	414.5
  76.5	404
  77.5	435.5
  78.5	446
  79.5	417.5
  80.5	430.833
  81.5	402.5
  82.5	436.5
  83.5	436.75
  84.5	422.5
  85.5	416.5
  86.5	415.167
  87.5	439
  88.5	444.5
  89.5	430
  90.5	421.5
  91.5	440.5
  92.5	405
  93.5	394.5
  94.5	419
  95.5	396.25
  96.5	425
  97.5	400
  98.5	430
  99.5	403.333
 100.5	422.5
 101.5	377.5
 102.5	404
 103.5	402
 104.5	404.5
 105.5	428
 106.5	385
 107.5	407.5
 108.5	406.75
 109.5	428.5
 110.5	391.5
 111.5	402.5
 112.5	386.333
 113.5	355.5
 114.5	378.5
 115.5	378.5
 116.5	405.5
 117.5	371.167
 118.5	363.5
 119.5	357
 120.5	374.833
 121.5	365
 122.5	351
 123.5	418.5
 124.5	377.5
 125.5	373.25
 126.5	352.5
 127.5	377
 128.5	351.333
 129.5	345.333
 130.5	372.5
 131.5	342.5
 132.5	355.5
 133.5	361.833
 134.5	372
 135.5	346.75
 136.5	365
 137.5	314.5
 138.5	390.5
 139.5	314.333
 140.5	356.333
 141.5	335
 142.5	334.5
 143.5	324
 144.5	342.75
 145.5	312.5
 146.5	356.5
 147.5	321.5
 148.5	382.167
 149.5	344.833
 150.5	334
 151.5	323.5
 152.5	341.25
 153.5	344
 154.5	356.5
 155.5	322.5
 156.5	307
 157.5	292.833
 158.5	348
 159.5	375.5
 160.5	318
 161.5	301
 162.5	311.333
 163.5	316.5
 164.5	310
 165.5	330
 166.5	349
 167.5	334.333
 168.5	312
 169.5	366.75
 170.5	298
 171.5	316.5
 172.5	326.333
 173.5	310
 174.5	324
 175.5	345.833
 176.5	310
 177.5	347
 178.5	330.333
 179.5	334.667
 180.5	364
 181.5	327
 182.5	307
 183.5	328.5
 184.5	323
 185.5	305
 186.5	338.25
 187.5	313
 188.5	328.5
 189.5	307
 190.5	312
 191.5	306
 192.5	319
 193.5	323.333
 194.5	332
 195.5	306.625
 196.5	313.143
 197.5	335
 198.5	329.5
 199.5	351
 200.5	296.5
 201.5	333
 202.5	320.625
 203.5	324.643
 204.5	326.5
 205.5	357.75
 206.5	354
 207.5	336.5
 208.5	343
 209.5	330.125
 210.5	372.81
 211.5	319.5
 212.5	341.5
 213.5	347.833
 214.5	346.5
 215.5	361.5
 216.5	277.125
 217.5	346.643
 218.5	342.5
 219.5	342.5
 220.5	357
 221.5	340.5
 222.5	331
 223.5	328.625
 224.5	337.643
 225.5	350
 226.5	330
 227.5	338.5
 228.5	349.333
 229.5	292.5
 230.5	348.5
 231.5	328.643
 232.5	355
 233.5	348.5
 234.5	326.5
 235.5	329.5
 236.5	353.5
 237.5	325.5
 238.5	318.643
 239.5	334
 240.5	344
 241.5	294.667
 242.5	363.833
 243.5	302.5
DB 0 MOTIF	PPARA.H13CORE.0.P.B
-242.0	719.458
-241.0	680
-240.0	709.5
-239.0	727.5
-238.0	737.75
-237.0	675.513
-236.0	732.5
-235.0	692.625
-234.0	695
-233.0	715
-232.0	705
-231.0	733.846
-230.0	670
-229.0	673.917
-228.0	703.625
-227.0	704.5
-226.0	710
-225.0	710.013
-224.0	758
-223.0	745.75
-222.0	711.667
-221.0	731.333
-220.0	676
-219.0	739.013
-218.0	715.5
-217.0	691.5
-216.0	706.5
-215.0	669.5
-214.0	780.333
-213.0	690.013
-212.0	703
-211.0	716.583
-210.0	711
-209.0	727.5
-208.0	742.333
-207.0	716.513
-206.0	709.5
-205.0	702.667
-204.0	677.5
-203.0	688.833
-202.0	654.5
-201.0	687.513
-200.0	676.1
-199.0	695.5
-198.0	674.333
-197.0	666.833
-196.0	727.5
-195.0	664.513
-194.0	696.5
-193.0	725.083
-192.0	703
-191.0	698
-190.0	665.833
-189.0	688.513
-188.0	695.5
-187.0	681
-186.0	718.833
-185.0	682
-184.0	714.333
-183.0	689.513
-182.0	706
-181.0	714
-180.0	701.333
-179.0	678
-178.0	712
-177.0	704.346
-176.0	705.6
-175.0	688.583
-174.0	680.75
-173.0	702
-172.0	704.5
-171.0	731.013
-170.0	758
-169.0	711.5
-168.0	698.833
-167.0	716.5
-166.0	709.5
-165.0	696.346
-164.0	685.833
-163.0	692.5
-162.0	705.5
-161.0	716
-160.0	720.5
-159.0	707.679
-158.0	725.5
-157.0	758.583
-156.0	728
-155.0	744
-154.0	746
-153.0	704.513
-152.0	764
-151.0	734
-150.0	739
-149.0	760
-148.0	685.5
-147.0	720.513
-146.0	709.5
-145.0	734.5
-144.0	734
-143.0	705.333
-142.0	731
-141.0	741.679
-140.0	735
-139.0	736.083
-138.0	741
-137.0	707
-136.0	750
-135.0	756.513
-134.0	740.5
-133.0	750.5
-132.0	755
-131.0	790.5
-130.0	742
-129.0	786.613
-128.0	742
-127.0	783
-126.0	718
-125.0	724.5
-124.0	819.5
-123.0	769.013
-122.0	771
-121.0	751.583
-120.0	749
-119.0	797.5
-118.0	782
-117.0	811.513
-116.0	776.5
-115.0	776.5
-114.0	764.5
-113.0	803
-112.0	802.5
-111.0	793.513
-110.0	779
-109.0	803.5
-108.0	807.5
-107.0	845
-106.0	824
-105.0	788.513
-104.0	842.5
-103.0	767.583
-102.0	840.5
-101.0	864.833
-100.0	843
 -99.0	811.513
 -98.0	807.5
 -97.0	841.5
 -96.0	852
 -95.0	868.75
 -94.0	856.5
 -93.0	825.013
 -92.0	830.5
 -91.0	834.5
 -90.0	826.5
 -89.0	854.5
 -88.0	838
 -87.0	887.513
 -86.0	855.5
 -85.0	854.083
 -84.0	870.5
 -83.0	890.833
 -82.0	847.5
 -81.0	863.846
 -80.0	838.5
 -79.0	913
 -78.0	861.5
 -77.0	866.5
 -76.0	873.333
 -75.0	873.013
 -74.0	823.333
 -73.0	941
 -72.0	929
 -71.0	937.5
 -70.0	879.5
 -69.0	871.513
 -68.0	891.5
 -67.0	879.583
 -66.0	898
 -65.0	868.5
 -64.0	910
 -63.0	906.513
 -62.0	854
 -61.0	871
 -60.0	850
 -59.0	875.5
 -58.0	912.833
 -57.0	873.013
 -56.0	871.5
 -55.0	866
 -54.0	903.5
 -53.0	833.5
 -52.0	861
 -51.0	856.013
 -50.0	854
 -49.0	867.083
 -48.0	842.833
 -47.0	931.2
 -46.0	894.25
 -45.0	853.513
 -44.0	887
 -43.0	922
 -42.0	863
 -41.0	866.5
 -40.0	851.2
 -39.0	887.513
 -38.0	873.5
 -37.0	833.167
 -36.0	839.5
 -35.0	830.5
 -34.0	818
 -33.0	808.046
 -32.0	844
 -31.0	807.417
 -30.0	880.833
 -29.0	798.5
 -28.0	784.5
 -27.0	812.013
 -26.0	774.2
 -25.0	786
 -24.0	818.5
 -23.0	872.5
 -22.0	757.333
 -21.0	797.846
 -20.0	736.5
 -19.0	790.2
 -18.0	851
 -17.0	780
 -16.0	738
 -15.0	771.346
 -14.0	718.583
 -13.0	778.5
 -12.0	764.5
 -11.0	723
 -10.0	743.5
  -9.0	760.013
  -8.0	746.833
  -7.0	791
  -6.0	704.5
  -5.0	728.833
  -4.0	746.5
  -3.0	776.013
  -2.0	710.5
  -1.0	759.5
   0.0	755.5
   1.0	729.5
   2.0	690.5
   3.0	753.013
   4.0	739
   5.0	813.5
   6.0	761.833
   7.0	749
   8.0	770.5
   9.0	731.263
  10.0	751.5
  11.0	713.5
  12.0	762.833
  13.0	753
  14.0	771.333
  15.0	765.013
  16.0	766
  17.0	799
  18.0	761
  19.0	850.25
  20.0	822.167
  21.0	799.513
  22.0	778.333
  23.0	823.25
  24.0	877
  25.0	775
  26.0	790
  27.0	820.513
  28.0	807.5
  29.0	796.25
  30.0	807.5
  31.0	844.5
  32.0	823.5
  33.0	859.263
  34.0	806.1
  35.0	851.333
  36.0	874
  37.0	840
  38.0	866.333
  39.0	880.263
  40.0	820
  41.0	850.5
  42.0	815
  43.0	852
  44.0	867
  45.0	882.013
  46.0	889
  47.0	863.5
  48.0	868.5
  49.0	852.25
  50.0	866.333
  51.0	932.013
  52.0	887.7
  53.0	929
  54.0	877
  55.0	902
  56.0	837
  57.0	904.213
  58.0	857.433
  59.0	898.5
  60.0	862
  61.0	878
  62.0	882.5
  63.0	893.013
  64.0	880.833
  65.0	908.5
  66.0	875
  67.0	917.833
  68.0	874.5
  69.0	881.013
  70.0	834.25
  71.0	929.5
  72.0	859.5
  73.0	907.5
  74.0	873.5
  75.0	907.263
  76.0	893.5
  77.0	909
  78.0	866.2
  79.0	837.5
  80.0	878.5
  81.0	919.513
  82.0	917.017
  83.0	870.333
  84.0	899.5
  85.0	929
  86.0	864
  87.0	848.513
  88.0	852
  89.0	874
  90.0	854.5
  91.0	888.5
  92.0	815
  93.0	844.179
  94.0	807.75
  95.0	875.7
  96.0	907.5
  97.0	820.75
  98.0	855
  99.0	805.013
 100.0	856
 101.0	774.25
 102.0	849.833
 103.0	855
 104.0	798.5
 105.0	823.513
 106.0	845.5
 107.0	836
 108.0	800.5
 109.0	843
 110.0	826.5
 111.0	785.763
 112.0	767.5
 113.0	812
 114.0	821.5
 115.0	746.667
 116.0	737
 117.0	768.513
 118.0	782.5
 119.0	777.333
 120.0	749.167
 121.0	794.5
 122.0	823
 123.0	748.263
 124.0	755.833
 125.0	765.5
 126.0	742.5
 127.0	789.833
 128.0	723.25
 129.0	722.513
 130.0	728.95
 131.0	745.583
 132.0	790.75
 133.0	786.783
 134.0	757.5
 135.0	766.513
 136.0	732
 137.0	710.833
 138.0	771.75
 139.0	691
 140.0	741.75
 141.0	758.513
 142.0	790.5
 143.0	746
 144.0	717.5
 145.0	680.5
 146.0	724
 147.0	691.763
 148.0	754.833
 149.0	729
 150.0	764
 151.0	711.5
 152.0	692.6
 153.0	707.346
 154.0	692.833
 155.0	710
 156.0	726.667
 157.0	720
 158.0	663.5
 159.0	683.013
 160.0	729
 161.0	751.333
 162.0	746.25
 163.0	719
 164.0	726.5
 165.0	764.013
 166.0	698.5
 167.0	742
 168.0	723
 169.0	759
 170.0	671.25
 171.0	688.379
 172.0	721
 173.0	665.5
 174.0	683.333
 175.0	684.333
 176.0	690.1
 177.0	736.846
 178.0	717.5
 179.0	726
 180.0	721.5
 181.0	680.5
 182.0	782.5
 183.0	677.263
 184.0	708
 185.0	737
 186.0	676.5
 187.0	722.833
 188.0	636
 189.0	695.513
 190.0	720.667
 191.0	705
 192.0	719.25
 193.0	701.5
 194.0	657.125
 195.0	695.013
 196.0	718
 197.0	667.5
 198.0	711.643
 199.0	664.5
 200.0	664.1
 201.0	667.138
 202.0	686.7
 203.0	657.5
 204.0	786.5
 205.0	706.143
 206.0	735
 207.0	684.013
 208.0	716.375
 209.0	731.95
 210.0	696
 211.0	675.25
 212.0	730.143
 213.0	699.013
 214.0	755.5
 215.0	715.125
 216.0	687
 217.0	675
 218.0	655.5
 219.0	756.322
 220.0	707.5
 221.0	718.25
 222.0	678.125
 223.0	689.5
 224.0	717.1
 225.0	678.513
 226.0	726.143
 227.0	703.333
 228.0	716.7
 229.0	693.5
 230.0	682.5
 231.0	685.263
 232.0	700
 233.0	680.143
 234.0	662.5
 235.0	706.5
 236.0	748
 237.0	710.513
 238.0	756
 239.0	705
 240.0	658.393
 241.0	709.75
 242.0	747.333
DB 0 MOTIF	PPARD.H13CORE.0.PSM.A
-243.0	644.917
-242.0	672.5
-241.0	662.5
-240.0	631.5
-239.0	634
-238.0	642.512
-237.0	651.25
-236.0	565
-235.0	643
-234.0	610.833
-233.0	610.5
-232.0	743.212
-231.0	623
-230.0	647.75
-229.0	603
-228.0	597.583
-227.0	587.5
-226.0	691.212
-225.0	650.5
-224.0	638.75
-223.0	649.333
-222.0	625.833
-221.0	604.5
-220.0	663.212
-219.0	645
-218.0	630.5
-217.0	627.25
-216.0	593.5
-215.0	675.5
-214.0	610.212
-213.0	636.5
-212.0	625.5
-211.0	654
-210.0	620.083
-209.0	663.333
-208.0	583.212
-207.0	635.5
-206.0	627.5
-205.0	634
-204.0	639.25
-203.0	639
-202.0	643.346
-201.0	645.5
-200.0	639.5
-199.0	603.1
-198.0	642.5
-197.0	599
-196.0	598.012
-195.0	642
-194.0	617.5
-193.0	610.5
-192.0	625.083
-191.0	642
-190.0	601.512
-189.0	619
-188.0	635
-187.0	645.333
-186.0	624
-185.0	653
-184.0	595.762
-183.0	661
-182.0	648
-181.0	638
-180.0	628.333
-179.0	570.5
-178.0	593.012
-177.0	660
-176.0	622.5
-175.0	610.6
-174.0	649.083
-173.0	636.75
-172.0	663.012
-171.0	626.5
-170.0	658
-169.0	660.5
-168.0	628.5
-167.0	646.833
-166.0	658.012
-165.0	673.333
-164.0	651.5
-163.0	668
-162.0	675
-161.0	675
-160.0	639.512
-159.0	661.5
-158.0	679.5
-157.0	677
-156.0	666.583
-155.0	656
-154.0	683.512
-153.0	670.5
-152.0	667
-151.0	700.5
-150.0	666.5
-149.0	654.5
-148.0	690.012
-147.0	670
-146.0	657
-145.0	693.5
-144.0	692.5
-143.0	691
-142.0	704.512
-141.0	673
-140.0	718.167
-139.0	718.5
-138.0	694.583
-137.0	703.5
-136.0	680.512
-135.0	713
-134.0	670.333
-133.0	691
-132.0	775.5
-131.0	708
-130.0	737.512
-129.0	699
-128.0	744.6
-127.0	719
-126.0	709
-125.0	726.5
-124.0	712.012
-123.0	767.333
-122.0	712
-121.0	737
-120.0	706.583
-119.0	720
-118.0	768.512
-117.0	742
-116.0	779
-115.0	765.5
-114.0	796.5
-113.0	783.5
-112.0	797.012
-111.0	782.5
-110.0	772.5
-109.0	787.833
-108.0	829
-107.0	800
-106.0	800.512
-105.0	781.5
-104.0	751.833
-103.0	820.5
-102.0	793.583
-101.0	815.5
-100.0	831.012
 -99.0	819.5
 -98.0	808
 -97.0	860.5
 -96.0	823.75
 -95.0	844.667
 -94.0	892.012
 -93.0	868
 -92.0	865
 -91.0	898.667
 -90.0	866.5
 -89.0	815.75
 -88.0	938.012
 -87.0	897
 -86.0	903.5
 -85.0	901.5
 -84.0	878.417
 -83.0	878
 -82.0	913.012
 -81.0	837.5
 -80.0	924.833
 -79.0	914
 -78.0	958.5
 -77.0	893.083
 -76.0	945.512
 -75.0	927.833
 -74.0	950
 -73.0	843.333
 -72.0	967
 -71.0	956
 -70.0	945.512
 -69.0	927.5
 -68.0	925
 -67.0	961.5
 -66.0	990.417
 -65.0	974
 -64.0	937.012
 -63.0	971
 -62.0	945
 -61.0	942
 -60.0	948.5
 -59.0	957.333
 -58.0	962.346
 -57.0	979.333
 -56.0	932
 -55.0	966.5
 -54.0	976
 -53.0	926.5
 -52.0	907.512
 -51.0	919.5
 -50.0	936
 -49.0	952
 -48.0	975.583
 -47.0	938.833
 -46.0	973.512
 -45.0	1005.08
 -44.0	966.5
 -43.0	967.5
 -42.0	1037
 -41.0	968.5
 -40.0	944.512
 -39.0	999.5
 -38.0	987.333
 -37.0	919.833
 -36.0	936.667
 -35.0	945
 -34.0	972.012
 -33.0	918
 -32.0	915
 -31.0	1006.67
 -30.0	931.917
 -29.0	906.5
 -28.0	942.012
 -27.0	907.5
 -26.0	901
 -25.0	893.333
 -24.0	934.833
 -23.0	861.833
 -22.0	923.012
 -21.0	805.25
 -20.0	844.833
 -19.0	852.5
 -18.0	860
 -17.0	861.5
 -16.0	878.012
 -15.0	855.5
 -14.0	888.533
 -13.0	819.583
 -12.0	853.833
 -11.0	823
 -10.0	863.512
  -9.0	812.7
  -8.0	830.333
  -7.0	815.833
  -6.0	849.5
  -5.0	759.7
  -4.0	848.712
  -3.0	817
  -2.0	849.5
  -1.0	822
   0.0	789.833
   1.0	809.7
   2.0	827.512
   3.0	813.833
   4.0	873
   5.0	815
   6.0	850.033
   7.0	831.25
   8.0	832.512
   9.0	804.5
  10.0	863.5
  11.0	871.5
  12.0	797.5
  13.0	813.5
  14.0	821.512
  15.0	869.833
  16.0	854.5
  17.0	874
  18.0	925.75
  19.0	845
  20.0	941.512
  21.0	921.667
  22.0	919.5
  23.0	911
  24.0	875.75
  25.0	898.5
  26.0	977.012
  27.0	859.667
  28.0	909.25
  29.0	923.333
  30.0	960.783
  31.0	916
  32.0	922.262
  33.0	920.833
  34.0	945
  35.0	985.6
  36.0	921.333
  37.0	936.5
  38.0	934.262
  39.0	979
  40.0	970.5
  41.0	947.7
  42.0	999.333
  43.0	959.5
  44.0	977.012
  45.0	973.5
  46.0	966.5
  47.0	1006.58
  48.0	951.083
  49.0	980.5
  50.0	1014.01
  51.0	950.667
  52.0	1009.33
  53.0	949.167
  54.0	971
  55.0	979
  56.0	1019.51
  57.0	927
  58.0	960
  59.0	898.1
  60.0	975
  61.0	923
  62.0	991.762
  63.0	922.833
  64.0	952.25
  65.0	959.7
  66.0	904.5
  67.0	962.833
  68.0	1005.85
  69.0	869
  70.0	936
  71.0	908
  72.0	966.5
  73.0	887.5
  74.0	969.262
  75.0	935
  76.0	919
  77.0	902
  78.0	943.5
  79.0	928.667
  80.0	912.512
  81.0	943.5
  82.0	893.083
  83.0	950.717
  84.0	956
  85.0	914
  86.0	929.346
  87.0	881.333
  88.0	915
  89.0	889.7
  90.0	904.2
  91.0	861.833
  92.0	880.512
  93.0	834.75
  94.0	846.833
  95.0	803.7
  96.0	820.25
  97.0	918.5
  98.0	840.846
  99.0	848.833
 100.0	845.95
 101.0	823.367
 102.0	821.25
 103.0	805.833
 104.0	865.762
 105.0	792
 106.0	806.5
 107.0	823.7
 108.0	832
 109.0	785.5
 110.0	800.512
 111.0	785
 112.0	804
 113.0	744.833
 114.0	756.333
 115.0	791.833
 116.0	719.679
 117.0	751
 118.0	737.75
 119.0	742.5
 120.0	766.833
 121.0	749.333
 122.0	763.512
 123.0	723.833
 124.0	775.917
 125.0	692.5
 126.0	715
 127.0	687
 128.0	732.346
 129.0	731.833
 130.0	760.333
 131.0	697.167
 132.0	728.167
 133.0	714.833
 134.0	719.596
 135.0	698.5
 136.0	719.25
 137.0	694.25
 138.0	689.2
 139.0	711.95
 140.0	645.012
 141.0	682.583
 142.0	707.333
 143.0	717.5
 144.0	631
 145.0	628.5
 146.0	681.012
 147.0	713
 148.0	677
 149.0	689
 150.0	698
 151.0	671.5
 152.0	630.179
 153.0	624.85
 154.0	642.833
 155.0	673.25
 156.0	685.333
 157.0	639
 158.0	631.012
 159.0	660
 160.0	658.5
 161.0	632.533
 162.0	658.833
 163.0	665
 164.0	664.012
 165.0	646.333
 166.0	713
 167.0	662
 168.0	702.5
 169.0	627.5
 170.0	641.962
 171.0	674
 172.0	599.333
 173.0	661
 174.0	635.833
 175.0	624.5
 176.0	660.012
 177.0	612.1
 178.0	699.833
 179.0	654.833
 180.0	632.5
 181.0	700.5
 182.0	611.512
 183.0	621
 184.0	620.7
 185.0	603
 186.0	633.25
 187.0	606.25
 188.0	647.379
 189.0	619.5
 190.0	631.25
 191.0	641
 192.0	659.5
 193.0	613.333
 194.0	624.012
 195.0	620
 196.0	633.5
 197.0	669.643
 198.0	639
 199.0	608.5
 200.0	590.012
 201.0	591.1
 202.0	596.833
 203.0	647.667
 204.0	611.143
 205.0	692.5
 206.0	621.012
 207.0	669.2
 208.0	624.5
 209.0	623
 210.0	614.333
 211.0	642.143
 212.0	652.096
 213.0	623
 214.0	637.5
 215.0	639.333
 216.0	638
 217.0	601.25
 218.0	641.989
 219.0	638
 220.0	609.75
 221.0	605
 222.0	625.25
 223.0	637
 224.0	567.679
 225.0	629.243
 226.0	621.333
 227.0	606.5
 228.0	675.167
 229.0	619.667
 230.0	631.712
 231.0	630
 232.0	590.393
 233.0	606.5
 234.0	593.5
 235.0	633.5
 236.0	653.012
 237.0	680.033
 238.0	644
 239.0	652.643
 240.0	644
 241.0	626
 242.0	646.262
 243.0	625
DB 0 MOTIF	PPARD_M05796_3.10
-242.5	373.5
-241.5	429
-240.5	444
-239.5	416.5
-238.5	394
-237.5	414.5
-236.5	436.5
-235.5	450
-234.5	425
-233.5	430.5
-232.5	418
-231.5	408
-230.5	440.5
-229.5	380
-228.5	416.5
-227.5	448.5
-226.5	421.5
-225.5	436
-224.5	450.5
-223.5	435.7
-222.5	434.5
-221.5	411.111
-220.5	410.5
-219.5	430.5
-218.5	434
-217.5	401.5
-216.5	400.556
-215.5	431
-214.5	431
-213.5	425.5
-212.5	396
-211.5	386.5
-210.5	407.5
-209.5	425.5
-208.5	361.5
-207.5	414.5
-206.5	427.5
-205.5	403.5
-204.5	417.5
-203.5	382
-202.5	356.5
-201.5	392.5
-200.5	387.5
-199.5	342
-198.5	379.5
-197.5	361.5
-196.5	394.5
-195.5	376.5
-194.5	345
-193.5	355.056
-192.5	372
-191.5	400.5
-190.5	370
-189.5	350
-188.5	370.333
-187.5	318
-186.5	365.2
-185.5	354.5
-184.5	326
-183.5	319
-182.5	325.5
-181.5	323
-180.5	348.833
-179.5	336
-178.5	322.5
-177.5	321
-176.5	309
-175.5	301.5
-174.5	313.5
-173.5	277
-172.5	307.111
-171.5	310
-170.5	295.056
-169.5	323
-168.5	332
-167.5	313
-166.5	317
-165.5	306
-164.5	304.5
-163.5	304.5
-162.5	304.5
-161.5	291
-160.5	307.5
-159.5	316
-158.5	326
-157.5	334
-156.5	313
-155.5	316
-154.5	300
-153.5	344
-152.5	364
-151.5	330
-150.5	308.167
-149.5	322.2
-148.5	318
-147.5	356.056
-146.5	348
-145.5	356
-144.5	338
-143.5	344
-142.5	334
-141.5	374.5
-140.5	353
-139.5	325
-138.5	340
-137.5	389.5
-136.5	357
-135.5	353.5
-134.5	386.5
-133.5	366
-132.5	359
-131.5	340.5
-130.5	374
-129.5	403
-128.5	339
-127.5	389
-126.5	385
-125.5	381
-124.5	404.056
-123.5	364.111
-122.5	391
-121.5	394
-120.5	384.5
-119.5	384.5
-118.5	414
-117.5	397
-116.5	399
-115.5	399.167
-114.5	431
-113.5	402
-112.5	401.2
-111.5	425
-110.5	405
-109.5	412
-108.5	470
-107.5	416
-106.5	444
-105.5	400
-104.5	459.5
-103.5	468.5
-102.5	450.5
-101.5	473.556
-100.5	449.5
 -99.5	446
 -98.5	474.5
 -97.5	474
 -96.5	442
 -95.5	452.5
 -94.5	470
 -93.5	469
 -92.5	473.5
 -91.5	465.5
 -90.5	440.5
 -89.5	478
 -88.5	455
 -87.5	494
 -86.5	490.5
 -85.5	447.5
 -84.5	415.5
 -83.5	481.5
 -82.5	464
 -81.5	450
 -80.5	437.167
 -79.5	471.5
 -78.5	462.056
 -77.5	450
 -76.5	447
 -75.5	444.2
 -74.5	453.611
 -73.5	408
 -72.5	419.5
 -71.5	436.5
 -70.5	443
 -69.5	428
 -68.5	442
 -67.5	432
 -66.5	420
 -65.5	449
 -64.5	451
 -63.5	467.5
 -62.5	454
 -61.5	434
 -60.5	417.333
 -59.5	431.5
 -58.5	441.5
 -57.5	392
 -56.5	408.5
 -55.5	476.056
 -54.5	431.5
 -53.5	410
 -52.5	426
 -51.5	418
 -50.5	411
 -49.5	383.5
 -48.5	388
 -47.5	374.5
 -46.5	426.333
 -45.5	338.667
 -44.5	393
 -43.5	392
 -42.5	363
 -41.5	362
 -40.5	374
 -39.5	339.5
 -38.5	363
 -37.5	330
 -36.5	384.5
 -35.5	332
 -34.5	324
 -33.5	307.5
 -32.5	277.556
 -31.5	319
 -30.5	317.5
 -29.5	291
 -28.5	286.5
 -27.5	318
 -26.5	298
 -25.5	279.611
 -24.5	279
 -23.5	245
 -22.5	272.5
 -21.5	270
 -20.5	269
 -19.5	266
 -18.5	238
 -17.5	271
 -16.5	235
 -15.5	229
 -14.5	225
 -13.5	216
 -12.5	203.5
 -11.5	219
 -10.5	230.167
  -9.5	196.056
  -8.5	203.5
  -7.5	195
  -6.5	197
  -5.5	193.5
  -4.5	205
  -3.5	207
  -2.5	198
  -1.5	212
  -0.5	204
   0.5	200
   1.5	185
   2.5	204
   3.5	191
   4.5	210
   5.5	211
   6.5	194.333
   7.5	219
   8.5	225.5
   9.5	224
  10.5	194.5
  11.5	210
  12.5	227
  13.5	211.056
  14.5	251.5
  15.5	202
  16.5	238
  17.5	249
  18.5	228.5
  19.5	244
  20.5	272
  21.5	221
  22.5	282
  23.5	270.611
  24.5	250.167
  25.5	276
  26.5	288
  27.5	295
  28.5	291
  29.5	323
  30.5	297
  31.5	325
  32.5	320
  33.5	327
  34.5	320.5
  35.5	342.5
  36.5	343.056
  37.5	372.5
  38.5	366
  39.5	349
  40.5	355.5
  41.5	357.167
  42.5	344
  43.5	342.5
  44.5	342
  45.5	359.5
  46.5	389.5
  47.5	407
  48.5	380.5
  49.5	358
  50.5	403
  51.5	401
  52.5	418
  53.5	393
  54.5	383
  55.5	432
  56.5	416.5
  57.5	438
  58.5	421.5
  59.5	478
  60.5	414
  61.5	412
  62.5	436
  63.5	404
  64.5	423
  65.5	409
  66.5	447
  67.5	404.5
  68.5	433.5
  69.5	462.5
  70.5	473
  71.5	434.5
  72.5	437.111
  73.5	475.333
  74.5	465
  75.5	486
  76.5	452.667
  77.5	413
  78.5	447.5
  79.5	455.5
  80.5	481.5
  81.5	474
  82.5	439.056
  83.5	435.5
  84.5	485.5
  85.5	436.5
  86.5	475.5
  87.5	444.333
  88.5	489.5
  89.5	445
  90.5	462
  91.5	484
  92.5	425
  93.5	502
  94.5	427
  95.5	460
  96.5	429
  97.5	485.5
  98.5	482
  99.5	440.5
 100.5	436.5
 101.5	445.5
 102.5	438
 103.5	433
 104.5	447
 105.5	419.056
 106.5	430.5
 107.5	456
 108.5	432
 109.5	409
 110.5	395.5
 111.5	390.167
 112.5	426.25
 113.5	401.5
 114.5	397
 115.5	385
 116.5	420
 117.5	440
 118.5	395
 119.5	396.833
 120.5	397
 121.5	377.111
 122.5	394.5
 123.5	403
 124.5	370
 125.5	416.5
 126.5	369
 127.5	372
 128.5	375.556
 129.5	405.25
 130.5	393
 131.5	382.5
 132.5	376.5
 133.5	398
 134.5	372
 135.5	349.5
 136.5	367
 137.5	334
 138.5	373.5
 139.5	339
 140.5	361
 141.5	334.5
 142.5	347
 143.5	360
 144.5	347
 145.5	353.5
 146.5	329.167
 147.5	331
 148.5	337
 149.5	307
 150.5	345.5
 151.5	332.556
 152.5	336
 153.5	288.5
 154.5	305
 155.5	333.5
 156.5	363.5
 157.5	367
 158.5	338
 159.5	288
 160.5	312.5
 161.5	313.5
 162.5	290
 163.5	310.5
 164.5	350.5
 165.5	304.5
 166.5	361
 167.5	329.5
 168.5	335.333
 169.5	336
 170.5	322.111
 171.5	285.75
 172.5	315.5
 173.5	327
 174.5	314.556
 175.5	343.5
 176.5	306
 177.5	307
 178.5	313.5
 179.5	319.5
 180.5	326
 181.5	306.167
 182.5	341
 183.5	331
 184.5	345
 185.5	353.5
 186.5	337.5
 187.5	348
 188.5	347.25
 189.5	351
 190.5	359
 191.5	360.5
 192.5	377.75
 193.5	387
 194.5	369.5
 195.5	369.5
 196.5	341
 197.5	380.056
 198.5	369
 199.5	395
 200.5	391.5
 201.5	379.333
 202.5	423
 203.5	384
 204.5	431.5
 205.5	426
 206.5	382.5
 207.5	442.833
 208.5	392
 209.5	375
 210.5	401
 211.5	493
 212.5	403
 213.5	423.5
 214.5	412.5
 215.5	409.5
 216.5	413.667
 217.5	412.833
 218.5	455
 219.5	461.5
 220.5	485
 221.5	455
 222.5	441.5
 223.5	412
 224.5	403.5
 225.5	432.5
 226.5	400.75
 227.5	421.5
 228.5	392.5
 229.5	417.5
 230.5	441.5
 231.5	421
 232.5	368.5
 233.5	364
 234.5	404.5
 235.5	455
 236.5	396
 237.5	421
 238.5	428
 239.5	432.5
 240.5	409.5
 241.5	444.5
 242.5	374.5
DB 0 MOTIF	PPARG.H13CORE.0.P.B
-242.0	719.75
-241.0	681.5
-240.0	718.5
-239.0	733
-238.0	726.75
-237.0	703.346
-236.0	721.125
-235.0	676.833
-234.0	716.5
-233.0	727.5
-232.0	684.5
-231.0	751.429
-230.0	684.5
-229.0	680.083
-228.0	688.5
-227.0	699
-226.0	683
-225.0	712.513
-224.0	744.75
-223.0	739.75
-222.0	697.5
-221.0	722.976
-220.0	692
-219.0	701.846
-218.0	716.5
-217.0	714
-216.0	717.75
-215.0	707.5
-214.0	784.5
-213.0	728.596
-212.0	711.5
-211.0	697
-210.0	749.5
-209.0	710.833
-208.0	766.833
-207.0	702.513
-206.0	712.5
-205.0	689.333
-204.0	699.125
-203.0	699.083
-202.0	661.5
-201.0	729.013
-200.0	677
-199.0	710
-198.0	694.833
-197.0	673.5
-196.0	694.5
-195.0	692.096
-194.0	690.5
-193.0	671
-192.0	662
-191.0	663.5
-190.0	687.5
-189.0	664.513
-188.0	682
-187.0	694
-186.0	712.833
-185.0	673.5
-184.0	706
-183.0	664.513
-182.0	729.5
-181.0	679.333
-180.0	679
-179.0	639
-178.0	698
-177.0	681.429
-176.0	694
-175.0	691
-174.0	696.75
-173.0	691.5
-172.0	706
-171.0	707.013
-170.0	739.5
-169.0	673
-168.0	671.333
-167.0	685
-166.0	705.5
-165.0	732.012
-164.0	687.833
-163.0	702.833
-162.0	696.5
-161.0	685
-160.0	707
-159.0	685.096
-158.0	722
-157.0	721.5
-156.0	713.5
-155.0	733.643
-154.0	745.5
-153.0	687.013
-152.0	751
-151.0	714.143
-150.0	701.643
-149.0	721.5
-148.0	715.5
-147.0	707.013
-146.0	728
-145.0	712.143
-144.0	736
-143.0	701
-142.0	701
-141.0	746.263
-140.0	740.643
-139.0	718.833
-138.0	720
-137.0	707.667
-136.0	741.5
-135.0	698.155
-134.0	710
-133.0	730
-132.0	723
-131.0	772.5
-130.0	696.893
-129.0	733.013
-128.0	743
-127.0	754.333
-126.0	699.5
-125.0	710.268
-124.0	812.5
-123.0	749.596
-122.0	777
-121.0	679.5
-120.0	740.458
-119.0	750.5
-118.0	768.5
-117.0	782.513
-116.0	771
-115.0	733.625
-114.0	763.5
-113.0	733.5
-112.0	783.833
-111.0	790.513
-110.0	782.625
-109.0	773.167
-108.0	774
-107.0	818.5
-106.0	791.5
-105.0	786.221
-104.0	809.333
-103.0	740.167
-102.0	807.333
-101.0	849
-100.0	802.125
 -99.0	792.013
 -98.0	769.5
 -97.0	819
 -96.0	839.333
 -95.0	811.375
 -94.0	858.125
 -93.0	828.513
 -92.0	810
 -91.0	779
 -90.0	820.75
 -89.0	849
 -88.0	790.5
 -87.0	888.096
 -86.0	816
 -85.0	814.25
 -84.0	858.5
 -83.0	912.5
 -82.0	778.5
 -81.0	773.138
 -80.0	779.393
 -79.0	876.5
 -78.0	836.5
 -77.0	816
 -76.0	842.833
 -75.0	835.263
 -74.0	835.833
 -73.0	873.5
 -72.0	877
 -71.0	885
 -70.0	877.5
 -69.0	855.096
 -68.0	856.125
 -67.0	853.5
 -66.0	851.5
 -65.0	868.5
 -64.0	868
 -63.0	870.138
 -62.0	781
 -61.0	829.5
 -60.0	769
 -59.0	830.25
 -58.0	843.958
 -57.0	805.346
 -56.0	792.5
 -55.0	813.5
 -54.0	814
 -53.0	800.292
 -52.0	816.5
 -51.0	819.596
 -50.0	816.5
 -49.0	844.5
 -48.0	779.958
 -47.0	837.5
 -46.0	852.75
 -45.0	812.655
 -44.0	825.5
 -43.0	848.625
 -42.0	782
 -41.0	804.5
 -40.0	812
 -39.0	812.513
 -38.0	810.625
 -37.0	793.667
 -36.0	747
 -35.0	764.75
 -34.0	772
 -33.0	725.221
 -32.0	783
 -31.0	752
 -30.0	771.167
 -29.0	703
 -28.0	718
 -27.0	745.763
 -26.0	741.5
 -25.0	714.167
 -24.0	730.5
 -23.0	787.333
 -22.0	684
 -21.0	725.346
 -20.0	688.5
 -19.0	725.5
 -18.0	767.5
 -17.0	746.5
 -16.0	702
 -15.0	734.346
 -14.0	699.75
 -13.0	719.5
 -12.0	692
 -11.0	680.333
 -10.0	691
  -9.0	703.346
  -8.0	688.5
  -7.0	737
  -6.0	648
  -5.0	680
  -4.0	676.5
  -3.0	738.763
  -2.0	655.5
  -1.0	717
   0.0	688.5
   1.0	681.5
   2.0	625.5
   3.0	711.013
   4.0	709.5
   5.0	719
   6.0	706.333
   7.0	684
   8.0	709.583
   9.0	657.013
  10.0	663.5
  11.0	714.5
  12.0	694.5
  13.0	711.5
  14.0	684.833
  15.0	732.013
  16.0	697
  17.0	721.5
  18.0	691
  19.0	775.75
  20.0	746.167
  21.0	736.763
  22.0	743.833
  23.0	721.75
  24.0	812
  25.0	723.5
  26.0	745.143
  27.0	767.013
  28.0	733.5
  29.0	742.75
  30.0	770.5
  31.0	797.5
  32.0	756.5
  33.0	759.763
  34.0	736.5
  35.0	786.5
  36.0	790
  37.0	739.5
  38.0	810
  39.0	828.263
  40.0	753.5
  41.0	792.5
  42.0	761
  43.0	804
  44.0	812.125
  45.0	824.013
  46.0	827
  47.0	773.5
  48.0	807.5
  49.0	754.75
  50.0	810.833
  51.0	863.513
  52.0	826.2
  53.0	883.5
  54.0	862.5
  55.0	848.75
  56.0	813
  57.0	890.846
  58.0	809.5
  59.0	829
  60.0	815.5
  61.0	823
  62.0	834.5
  63.0	839.013
  64.0	844.333
  65.0	808.5
  66.0	846.333
  67.0	898.833
  68.0	817
  69.0	839.263
  70.0	778
  71.0	894
  72.0	796
  73.0	880
  74.0	834.5
  75.0	899.263
  76.0	807.5
  77.0	833.5
  78.0	825.7
  79.0	799
  80.0	849.5
  81.0	865.013
  82.0	842.917
  83.0	847.333
  84.0	816
  85.0	863.5
  86.0	840.5
  87.0	823.013
  88.0	823
  89.0	844
  90.0	837
  91.0	863.5
  92.0	769
  93.0	823.013
  94.0	771.5
  95.0	851
  96.0	847
  97.0	799.393
  98.0	822.5
  99.0	799.513
 100.0	843.5
 101.0	804.75
 102.0	820.333
 103.0	822.5
 104.0	769
 105.0	825.513
 106.0	769.75
 107.0	799.5
 108.0	777
 109.0	834
 110.0	777
 111.0	736.263
 112.0	727
 113.0	781
 114.0	763.5
 115.0	749.667
 116.0	742.5
 117.0	767.513
 118.0	760.5
 119.0	780.833
 120.0	755.667
 121.0	777.5
 122.0	787.958
 123.0	740.763
 124.0	727
 125.0	730.5
 126.0	718.833
 127.0	763.833
 128.0	730.75
 129.0	724.513
 130.0	713.2
 131.0	710.5
 132.0	778
 133.0	773.75
 134.0	748.5
 135.0	751.138
 136.0	702
 137.0	744.333
 138.0	750.75
 139.0	711.5
 140.0	716.25
 141.0	718.763
 142.0	753
 143.0	745
 144.0	716.5
 145.0	672.5
 146.0	714
 147.0	681.763
 148.0	733.5
 149.0	701
 150.0	721.5
 151.0	692.5
 152.0	671
 153.0	689.013
 154.0	690.833
 155.0	721.5
 156.0	727
 157.0	701
 158.0	675
 159.0	649.013
 160.0	721
 161.0	718.75
 162.0	705.75
 163.0	737.5
 164.0	699
 165.0	737.013
 166.0	688.5
 167.0	758.643
 168.0	728
 169.0	738
 170.0	675.5
 171.0	696.679
 172.0	684
 173.0	675
 174.0	674
 175.0	682.5
 176.0	665.5
 177.0	714.846
 178.0	690.333
 179.0	722.5
 180.0	691.5
 181.0	660
 182.0	738.5
 183.0	665.763
 184.0	712.25
 185.0	719
 186.0	682.5
 187.0	714.667
 188.0	677
 189.0	667.513
 190.0	701.167
 191.0	691.75
 192.0	729
 193.0	692.5
 194.0	664.5
 195.0	691.013
 196.0	727.5
 197.0	688.5
 198.0	720.643
 199.0	655
 200.0	673.5
 201.0	687.513
 202.0	669.2
 203.0	682
 204.0	775
 205.0	691.143
 206.0	718
 207.0	725.013
 208.0	732
 209.0	745.25
 210.0	682.5
 211.0	663.25
 212.0	723.643
 213.0	714.513
 214.0	736.833
 215.0	709.5
 216.0	737
 217.0	716
 218.0	650.5
 219.0	733.155
 220.0	712.5
 221.0	720.25
 222.0	675
 223.0	687.5
 224.0	717
 225.0	682.513
 226.0	721.643
 227.0	723.083
 228.0	717.2
 229.0	680.5
 230.0	697
 231.0	668.263
 232.0	681.5
 233.0	690.143
 234.0	720.5
 235.0	724.5
 236.0	759.833
 237.0	686.513
 238.0	745.5
 239.0	689.5
 240.0	683.726
 241.0	700.75
 242.0	733
DB 0 MOTIF	PPARG.H13CORE.1.P.B
-245.0	811.4
-244.0	850.333
-243.0	867
-242.0	878.067
-241.0	867.833
-240.0	879.833
-239.0	831.833
-238.0	834.167
-237.0	909.5
-236.0	846.5
-235.0	848.75
-234.0	863.7
-233.0	833.233
-232.0	859.2
-231.0	855
-230.0	830.5
-229.0	847
-228.0	796.31
-227.0	804.444
-226.0	790.75
-225.0	811
-224.0	765.5
-223.0	840
-222.0	818.667
-221.0	800.75
-220.0	838.5
-219.0	824.658
-218.0	820.083
-217.0	811.5
-216.0	816.167
-215.0	807.5
-214.0	807.5
-213.0	823.75
-212.0	767
-211.0	774.75
-210.0	808.667
-209.0	808
-208.0	790.15
-207.0	798.25
-206.0	781.2
-205.0	773.75
-204.0	742.167
-203.0	723.75
-202.0	812.5
-201.0	724
-200.0	749.033
-199.0	784.733
-198.0	802.75
-197.0	802
-196.0	755.5
-195.0	770.5
-194.0	776
-193.0	760.95
-192.0	756
-191.0	786.833
-190.0	804.25
-189.0	819.75
-188.0	764.75
-187.0	739.5
-186.0	713.5
-185.0	753.5
-184.0	741.75
-183.0	768.2
-182.0	769
-181.0	769.5
-180.0	762.833
-179.0	756.833
-178.0	766.75
-177.0	734.5
-176.0	783.75
-175.0	770.5
-174.0	783.567
-173.0	790
-172.0	725.194
-171.0	794.083
-170.0	755.583
-169.0	776.5
-168.0	761.833
-167.0	772.25
-166.0	758.4
-165.0	848.733
-164.0	798.917
-163.0	766
-162.0	825
-161.0	751.75
-160.0	796.2
-159.0	778
-158.0	772.5
-157.0	827.5
-156.0	828.125
-155.0	822.833
-154.0	777.533
-153.0	748.833
-152.0	827.083
-151.0	805
-150.0	771.226
-149.0	812
-148.0	800.2
-147.0	772
-146.0	771.5
-145.0	758.5
-144.0	776.5
-143.0	863.75
-142.0	855
-141.0	796
-140.0	782.567
-139.0	818
-138.0	817.667
-137.0	791.75
-136.0	830.5
-135.0	825
-134.0	817.5
-133.0	848.5
-132.0	853.2
-131.0	847.567
-130.0	827
-129.0	816.083
-128.0	869
-127.0	857.833
-126.0	819.643
-125.0	894
-124.0	874.833
-123.0	831
-122.0	801
-121.0	840
-120.0	851
-119.0	850.5
-118.0	832.5
-117.0	891.278
-116.0	844.75
-115.0	884
-114.0	838.976
-113.0	883.25
-112.0	860
-111.0	870.5
-110.0	859.643
-109.0	871.5
-108.0	898.5
-107.0	845.5
-106.0	877.067
-105.0	879.167
-104.0	868.5
-103.0	839.75
-102.0	908
-101.0	866.5
-100.0	881.25
 -99.0	900.167
 -98.0	848.283
 -97.0	841.317
 -96.0	904.833
 -95.0	901.5
 -94.0	912.833
 -93.0	934.625
 -92.0	921.5
 -91.0	921
 -90.0	884
 -89.0	903.25
 -88.0	905.643
 -87.0	981.143
 -86.0	931.333
 -85.0	876.833
 -84.0	951.083
 -83.0	867.25
 -82.0	908
 -81.0	914.643
 -80.0	983.5
 -79.0	887.5
 -78.0	873.5
 -77.0	922
 -76.0	977.667
 -75.0	876
 -74.0	916.333
 -73.0	920.333
 -72.0	849.567
 -71.0	946
 -70.0	913.5
 -69.0	940.5
 -68.0	980.25
 -67.0	901
 -66.0	937.833
 -65.0	929
 -64.0	925
 -63.0	937.817
 -62.0	878.754
 -61.0	894.667
 -60.0	870
 -59.0	884
 -58.0	902.5
 -57.0	963.5
 -56.0	902
 -55.0	869
 -54.0	875.833
 -53.0	859.5
 -52.0	877.643
 -51.0	824.5
 -50.0	846.167
 -49.0	878
 -48.0	805.833
 -47.0	864.833
 -46.0	844.5
 -45.0	826.833
 -44.0	810
 -43.0	838.917
 -42.0	835.333
 -41.0	779.667
 -40.0	816.333
 -39.0	790.333
 -38.0	769.567
 -37.0	808.5
 -36.0	771.143
 -35.0	764
 -34.0	756.5
 -33.0	726.25
 -32.0	847.5
 -31.0	744
 -30.0	725.125
 -29.0	736.233
 -28.0	727
 -27.0	737.333
 -26.0	741.667
 -25.0	726
 -24.0	700.143
 -23.0	723.643
 -22.0	748.5
 -21.0	674
 -20.0	730.5
 -19.0	731.143
 -18.0	733.333
 -17.0	690
 -16.0	714.667
 -15.0	660.167
 -14.0	715.25
 -13.0	702.25
 -12.0	707.25
 -11.0	678.367
 -10.0	708
  -9.0	686
  -8.0	704.917
  -7.0	735.111
  -6.0	713.75
  -5.0	681.333
  -4.0	673.567
  -3.0	666.167
  -2.0	698.167
  -1.0	700.833
   0.0	711.75
   1.0	666.75
   2.0	701.167
   3.0	688
   4.0	682.5
   5.0	672.067
   6.0	698.143
   7.0	653.833
   8.0	674
   9.0	705
  10.0	688.167
  11.0	674.5
  12.0	705.5
  13.0	686.5
  14.0	693
  15.0	665
  16.0	739.45
  17.0	735
  18.0	728
  19.0	721.5
  20.0	742.5
  21.0	737.75
  22.0	743
  23.0	731
  24.0	713.5
  25.0	692
  26.0	691.15
  27.0	740.667
  28.0	784.5
  29.0	728
  30.0	743.817
  31.0	791.5
  32.0	747.75
  33.0	756.792
  34.0	807
  35.0	764.976
  36.0	829.367
  37.0	786
  38.0	774.75
  39.0	743.067
  40.0	729.333
  41.0	778.5
  42.0	776
  43.0	789.5
  44.0	817.25
  45.0	836.667
  46.0	821.533
  47.0	828.5
  48.0	867.111
  49.0	870.143
  50.0	845.167
  51.0	847
  52.0	884.833
  53.0	822.5
  54.0	831
  55.0	890.333
  56.0	901.2
  57.0	830.833
  58.0	897.5
  59.0	951.333
  60.0	921.7
  61.0	873
  62.0	891.75
  63.0	888
  64.0	940.543
  65.0	908.833
  66.0	901.2
  67.0	947.25
  68.0	934.75
  69.0	956
  70.0	965
  71.0	943.833
  72.0	955.533
  73.0	870.483
  74.0	949
  75.0	839.833
  76.0	892.5
  77.0	949.333
  78.0	943.2
  79.0	933.25
  80.0	881.917
  81.0	928.833
  82.0	970.5
  83.0	928
  84.0	921.5
  85.0	899.583
  86.0	913.5
  87.0	913.333
  88.0	977
  89.0	917.583
  90.0	952.167
  91.0	888.5
  92.0	832.833
  93.0	939
  94.0	856.25
  95.0	889.833
  96.0	917.292
  97.0	922.5
  98.0	864.483
  99.0	950.083
 100.0	888
 101.0	852.5
 102.0	884.033
 103.0	911.111
 104.0	856.867
 105.0	869.75
 106.0	876.667
 107.0	863.4
 108.0	853
 109.0	919.5
 110.0	865.333
 111.0	866.042
 112.0	863.833
 113.0	816.833
 114.0	903.5
 115.0	873.5
 116.0	859.583
 117.0	859
 118.0	844
 119.0	829.333
 120.0	886.5
 121.0	931.833
 122.0	851
 123.0	827
 124.0	885
 125.0	857
 126.0	843.25
 127.0	820.625
 128.0	817.25
 129.0	893.833
 130.0	845.5
 131.0	822.5
 132.0	785.317
 133.0	781
 134.0	797.583
 135.0	869.7
 136.0	820
 137.0	820.5
 138.0	727
 139.0	826
 140.0	797.5
 141.0	809.933
 142.0	761.5
 143.0	771.658
 144.0	784
 145.0	834.5
 146.0	767.25
 147.0	828.533
 148.0	796.333
 149.0	769.5
 150.0	793.833
 151.0	704.083
 152.0	774.833
 153.0	798.95
 154.0	766.976
 155.0	750
 156.0	759.25
 157.0	794.167
 158.0	811.611
 159.0	797.25
 160.0	719.333
 161.0	817.5
 162.0	767.75
 163.0	762.25
 164.0	763.5
 165.0	846
 166.0	821.067
 167.0	765.667
 168.0	752.333
 169.0	780.833
 170.0	771.333
 171.0	782.5
 172.0	778.5
 173.0	756
 174.0	758.75
 175.0	772.4
 176.0	787
 177.0	737.7
 178.0	792.833
 179.0	850.833
 180.0	770.5
 181.0	790.5
 182.0	771
 183.0	738
 184.0	717.5
 185.0	815.583
 186.0	765.5
 187.0	814.667
 188.0	789.5
 189.0	804.75
 190.0	779.333
 191.0	767.458
 192.0	773.333
 193.0	778.5
 194.0	755
 195.0	791.958
 196.0	769.5
 197.0	763.5
 198.0	775.5
 199.0	810
 200.0	759.567
 201.0	798.5
 202.0	809.125
 203.0	789
 204.0	806
 205.0	785.643
 206.0	769.625
 207.0	811.5
 208.0	765
 209.0	816.692
 210.0	766.833
 211.0	794
 212.0	836
 213.0	777.111
 214.0	810
 215.0	783
 216.0	837.958
 217.0	834.5
 218.0	858.5
 219.0	804.5
 220.0	813
 221.0	837
 222.0	846.56
 223.0	830.625
 224.0	859.5
 225.0	826
 226.0	776.083
 227.0	810.333
 228.0	792.5
 229.0	838.5
 230.0	884.125
 231.0	869.5
 232.0	798.5
 233.0	840
 234.0	822.067
 235.0	830
 236.0	819
 237.0	822.75
 238.0	824.833
 239.0	869.583
 240.0	862.5
 241.0	839
 242.0	877
 243.0	835.067
 244.0	832.625
 245.0	849.75
DB 0 MOTIF	PPARG_M12498_3.10
-242.0	339.75
-241.0	320.5
-240.0	335.5
-239.0	322.5
-238.0	302.625
-237.0	324.5
-236.0	328
-235.0	331
-234.0	372
-233.0	361.833
-232.0	329.5
-231.0	363.7
-230.0	330
-229.0	317.25
-228.0	351.5
-227.0	304.5
-226.0	299.625
-225.0	357.5
-224.0	393
-223.0	345.625
-222.0	333
-221.0	344.833
-220.0	327.5
-219.0	354
-218.0	345.5
-217.0	344
-216.0	361.75
-215.0	312
-214.0	370
-213.0	343.5
-212.0	356
-211.0	346.5
-210.0	365.5
-209.0	329.5
-208.0	330.5
-207.0	387.333
-206.0	378.5
-205.0	353.5
-204.0	362.7
-203.0	357.083
-202.0	369.5
-201.0	377.5
-200.0	347.5
-199.0	365.833
-198.0	362.333
-197.0	374
-196.0	370.5
-195.0	371
-194.0	362.5
-193.0	346
-192.0	369.5
-191.0	357
-190.0	359
-189.0	382
-188.0	359.5
-187.0	350.5
-186.0	409.5
-185.0	369
-184.0	327.5
-183.0	360.833
-182.0	387.5
-181.0	417.143
-180.0	371.5
-179.0	393.5
-178.0	354
-177.0	389
-176.0	368.7
-175.0	357.5
-174.0	357.958
-173.0	342.5
-172.0	363.5
-171.0	424.5
-170.0	377
-169.0	382.5
-168.0	360.833
-167.0	394
-166.0	392
-165.0	416.5
-164.0	367
-163.0	374.5
-162.0	429.625
-161.0	400.5
-160.0	399
-159.0	373.625
-158.0	410.5
-157.0	363.5
-156.0	383.5
-155.0	437.5
-154.0	398
-153.0	398.5
-152.0	415.2
-151.0	394.5
-150.0	419
-149.0	374.5
-148.0	391.2
-147.0	426.833
-146.0	385.75
-145.0	414.5
-144.0	406.7
-143.0	412.5
-142.0	392.5
-141.0	458
-140.0	402.5
-139.0	440.333
-138.0	417.5
-137.0	429
-136.0	445
-135.0	410
-134.0	452.5
-133.0	447.5
-132.0	400.5
-131.0	447.5
-130.0	423
-129.0	474
-128.0	443.5
-127.0	440
-126.0	427
-125.0	438
-124.0	471.5
-123.0	509
-122.0	455.5
-121.0	430.5
-120.0	433.2
-119.0	465
-118.0	440
-117.0	469.143
-116.0	488
-115.0	465
-114.0	483.5
-113.0	504.5
-112.0	540.5
-111.0	495.5
-110.0	482.325
-109.0	481
-108.0	519
-107.0	520
-106.0	495
-105.0	504
-104.0	529
-103.0	511.5
-102.0	504.5
-101.0	526.5
-100.0	514
 -99.0	585
 -98.0	539.625
 -97.0	554
 -96.0	522.5
 -95.0	499.125
 -94.0	552.5
 -93.0	551.2
 -92.0	585.7
 -91.0	566
 -90.0	605
 -89.0	572
 -88.0	575.5
 -87.0	568.5
 -86.0	623
 -85.0	591.5
 -84.0	603.75
 -83.0	575.5
 -82.0	611
 -81.0	607.833
 -80.0	589
 -79.0	601
 -78.0	626
 -77.0	668
 -76.0	597
 -75.0	630.5
 -74.0	602
 -73.0	654.833
 -72.0	604
 -71.0	640.5
 -70.0	604.5
 -69.0	659.2
 -68.0	664
 -67.0	649
 -66.0	645.5
 -65.0	667.5
 -64.0	661
 -63.0	701.5
 -62.0	669
 -61.0	651
 -60.0	644
 -59.0	660
 -58.0	650.5
 -57.0	676
 -56.0	725.5
 -55.0	675.25
 -54.0	707
 -53.0	696.143
 -52.0	724
 -51.0	705
 -50.0	696.5
 -49.0	728.5
 -48.0	713.333
 -47.0	752.5
 -46.0	729.125
 -45.0	741.5
 -44.0	746
 -43.0	720
 -42.0	717
 -41.0	758
 -40.0	735
 -39.0	731
 -38.0	754.833
 -37.0	742.5
 -36.0	720
 -35.0	714
 -34.0	715.625
 -33.0	713
 -32.0	709
 -31.0	656.125
 -30.0	711
 -29.0	709.5
 -28.0	676.5
 -27.0	635
 -26.0	632.75
 -25.0	657
 -24.0	657
 -23.0	641.7
 -22.0	647.5
 -21.0	620.5
 -20.0	586
 -19.0	593.5
 -18.0	630.5
 -17.0	627
 -16.0	621
 -15.0	580.833
 -14.0	559.5
 -13.0	590.5
 -12.0	555.5
 -11.0	554.5
 -10.0	545
  -9.0	521
  -8.0	532.333
  -7.0	567
  -6.0	580.5
  -5.0	532
  -4.0	482.5
  -3.0	517.5
  -2.0	541.5
  -1.0	541.5
   0.0	537
   1.0	472
   2.0	533.5
   3.0	521.75
   4.0	544
   5.0	546
   6.0	513.5
   7.0	511
   8.0	557
   9.0	535
  10.0	530.5
  11.0	581.843
  12.0	580.5
  13.0	571.5
  14.0	614
  15.0	570.5
  16.0	635
  17.0	642.5
  18.0	573.125
  19.0	617.5
  20.0	666
  21.0	641
  22.0	615.5
  23.0	631
  24.0	670
  25.0	644.5
  26.0	656.5
  27.0	661
  28.0	684.25
  29.0	635.5
  30.0	656.625
  31.0	682
  32.0	672.5
  33.0	714.625
  34.0	698
  35.0	651
  36.0	711.5
  37.0	706
  38.0	706
  39.0	755
  40.0	699
  41.0	716.5
  42.0	688.5
  43.0	777.5
  44.0	723
  45.0	715
  46.0	730
  47.0	722.5
  48.0	738
  49.0	661.5
  50.0	711
  51.0	736.5
  52.0	729
  53.0	708
  54.0	707.5
  55.0	703
  56.0	687.5
  57.0	718
  58.0	654.333
  59.0	718.5
  60.0	696
  61.0	668
  62.0	666
  63.0	611.5
  64.0	645
  65.0	662.5
  66.0	658
  67.0	622.833
  68.0	634
  69.0	613
  70.0	637.5
  71.0	623.5
  72.0	555.5
  73.0	670
  74.0	583.5
  75.0	664.643
  76.0	622.5
  77.0	611.5
  78.0	616
  79.0	610
  80.0	541
  81.0	578
  82.0	624.125
  83.0	585.5
  84.0	603.5
  85.0	618.833
  86.0	633.75
  87.0	592
  88.0	601.5
  89.0	546.2
  90.0	598.5
  91.0	596.5
  92.0	569.5
  93.0	576.5
  94.0	541.458
  95.0	574
  96.0	563
  97.0	549.625
  98.0	576.5
  99.0	553
 100.0	524.5
 101.0	549
 102.0	528.5
 103.0	529
 104.0	501
 105.0	508
 106.0	541.5
 107.0	482
 108.0	514.5
 109.0	503.5
 110.0	546
 111.0	505
 112.0	504.5
 113.0	499
 114.0	490
 115.0	479
 116.0	465
 117.0	483
 118.0	447
 119.0	469.333
 120.0	435
 121.0	431
 122.0	479
 123.0	477.5
 124.0	474
 125.0	469.5
 126.0	465
 127.0	448.5
 128.0	440.5
 129.0	459.5
 130.0	440
 131.0	435.833
 132.0	464
 133.0	443
 134.0	476.5
 135.0	431
 136.0	422.5
 137.0	416.5
 138.0	441.5
 139.0	424.143
 140.0	433.5
 141.0	421
 142.0	435
 143.0	404
 144.0	367
 145.0	386.5
 146.0	387.625
 147.0	413
 148.0	403.833
 149.0	391.5
 150.0	423
 151.0	400.5
 152.0	426.5
 153.0	399
 154.0	386.5
 155.0	440.833
 156.0	405.5
 157.0	421
 158.0	428.625
 159.0	410.5
 160.0	406.5
 161.0	408.458
 162.0	394
 163.0	427.5
 164.0	417.5
 165.0	407
 166.0	337.5
 167.0	407.033
 168.0	398
 169.0	446
 170.0	393
 171.0	361.833
 172.0	380.5
 173.0	371.5
 174.0	393.833
 175.0	387.5
 176.0	375.833
 177.0	382
 178.0	365
 179.0	348
 180.0	373
 181.0	358
 182.0	393
 183.0	368
 184.0	391
 185.0	395
 186.0	395.5
 187.0	357.167
 188.0	337.5
 189.0	359.5
 190.0	366
 191.0	390.5
 192.0	379.5
 193.0	338.5
 194.0	368.5
 195.0	358
 196.0	368.5
 197.0	378
 198.0	367
 199.0	344
 200.0	333.5
 201.0	341.5
 202.0	380.75
 203.0	373.143
 204.0	409
 205.0	381
 206.0	341
 207.0	375
 208.0	373.5
 209.0	361.5
 210.0	369.625
 211.0	364
 212.0	370
 213.0	345.5
 214.0	373
 215.0	364.5
 216.0	337
 217.0	348.5
 218.0	327
 219.0	348.5
 220.0	349
 221.0	358
 222.0	314.125
 223.0	360
 224.0	343
 225.0	338.958
 226.0	299.5
 227.0	360
 228.0	371
 229.0	345.5
 230.0	343
 231.0	343
 232.0	329
 233.0	316.5
 234.0	320
 235.0	328.5
 236.0	361
 237.0	313.5
 238.0	330
 239.0	316
 240.0	341.5
 241.0	376.5
 242.0	347.5
DB 0 MOTIF	RXRA.H13CORE.2.SM.B
-243.0	605.5
-242.0	588.833
-241.0	628.5
-240.0	619.125
-239.0	622
-238.0	620.333
-237.0	593.5
-236.0	579.25
-235.0	561.5
-234.0	639
-233.0	622.458
-232.0	599
-231.0	613.5
-230.0	626.333
-229.0	576.5
-228.0	561.5
-227.0	562.667
-226.0	623.625
-225.0	573.25
-224.0	602.25
-223.0	553.333
-222.0	579.833
-221.0	628.333
-220.0	580
-219.0	587.5
-218.0	607.5
-217.0	566.333
-216.0	593.5
-215.0	576.111
-214.0	582.5
-213.0	607
-212.0	611.5
-211.0	587
-210.0	604
-209.0	514
-208.0	594.5
-207.0	604.5
-206.0	540.5
-205.0	576.833
-204.0	559.5
-203.0	540.5
-202.0	527
-201.0	548.5
-200.0	573.5
-199.0	541
-198.0	540
-197.0	548
-196.0	530
-195.0	545.333
-194.0	579.5
-193.0	534
-192.0	525
-191.0	538
-190.0	556.5
-189.0	539.5
-188.0	495.833
-187.0	549.5
-186.0	520.5
-185.0	512.5
-184.0	540
-183.0	537.5
-182.0	531
-181.0	503
-180.0	540
-179.0	528
-178.0	519.5
-177.0	498.5
-176.0	532.5
-175.0	531
-174.0	524
-173.0	504
-172.0	506.75
-171.0	519
-170.0	463
-169.0	530.5
-168.0	512
-167.0	491.5
-166.0	528.611
-165.0	500.5
-164.0	501
-163.0	505.833
-162.0	501.5
-161.0	498.5
-160.0	525.75
-159.0	507.5
-158.0	505
-157.0	537.5
-156.0	521
-155.0	546.333
-154.0	484.5
-153.0	520
-152.0	537.5
-151.0	522.062
-150.0	504
-149.0	500.833
-148.0	511
-147.0	540.5
-146.0	524
-145.0	489.5
-144.0	521.5
-143.0	530.5
-142.0	522
-141.0	502
-140.0	568.833
-139.0	547.333
-138.0	528.5
-137.0	500.833
-136.0	557.5
-135.0	537.5
-134.0	574.5
-133.0	571
-132.0	541
-131.0	609
-130.0	550
-129.0	580
-128.0	612
-127.0	567.062
-126.0	593
-125.0	564
-124.0	578.5
-123.0	569
-122.0	577
-121.0	600.5
-120.0	554.5
-119.0	575.5
-118.0	606.5
-117.0	597.111
-116.0	582.5
-115.0	604.5
-114.0	606.333
-113.0	575.5
-112.0	551.5
-111.0	605
-110.0	634.5
-109.0	595.5
-108.0	591.5
-107.0	583
-106.0	566.5
-105.0	573.5
-104.0	628
-103.0	578.062
-102.0	660
-101.0	588
-100.0	588.5
 -99.0	606
 -98.0	607.5
 -97.0	590.25
 -96.0	633
 -95.0	626.5
 -94.0	654.5
 -93.0	625.5
 -92.0	614
 -91.0	611.5
 -90.0	567.5
 -89.0	638
 -88.0	614
 -87.0	637
 -86.0	636.5
 -85.0	636
 -84.0	616.5
 -83.0	613
 -82.0	638.75
 -81.0	646.833
 -80.0	622.5
 -79.0	628.396
 -78.0	643.5
 -77.0	666.5
 -76.0	648.5
 -75.0	650.333
 -74.0	650.333
 -73.0	670.5
 -72.0	634.5
 -71.0	654.5
 -70.0	669.5
 -69.0	647
 -68.0	656.611
 -67.0	628
 -66.0	611
 -65.0	633.833
 -64.0	589
 -63.0	640.5
 -62.0	608
 -61.0	605.5
 -60.0	583.5
 -59.0	609.5
 -58.0	644
 -57.0	559.333
 -56.0	637.5
 -55.0	646.062
 -54.0	591.5
 -53.0	580.75
 -52.0	559.5
 -51.0	565.5
 -50.0	571
 -49.0	603.7
 -48.0	591.5
 -47.0	542.5
 -46.0	512.667
 -45.0	583
 -44.0	541.75
 -43.0	510.5
 -42.0	481.7
 -41.0	514
 -40.0	525.75
 -39.0	504.333
 -38.0	484.643
 -37.0	533.5
 -36.0	467.5
 -35.0	505.2
 -34.0	467.75
 -33.0	492.5
 -32.0	465.667
 -31.0	448.062
 -30.0	482.5
 -29.0	470.5
 -28.0	480.7
 -27.0	453.5
 -26.0	482.5
 -25.0	460.5
 -24.0	453.25
 -23.0	477
 -22.0	417
 -21.0	424.2
 -20.0	441.5
 -19.0	448.944
 -18.0	446
 -17.0	398.5
 -16.0	421.333
 -15.0	397
 -14.0	421
 -13.0	442.833
 -12.0	441.5
 -11.0	443.5
 -10.0	419.5
  -9.0	447
  -8.0	419
  -7.0	400.062
  -6.0	409
  -5.0	438.5
  -4.0	419.5
  -3.0	422
  -2.0	436
  -1.0	370.5
   0.0	402
   1.0	409.333
   2.0	426
   3.0	433
   4.0	407.5
   5.0	425.25
   6.0	409.643
   7.0	445.5
   8.0	400
   9.0	389
  10.0	404
  11.0	420.5
  12.0	423.5
  13.0	433
  14.0	406
  15.0	420.5
  16.0	438
  17.0	431.562
  18.0	425
  19.0	406.5
  20.0	440
  21.0	440.5
  22.0	464
  23.0	441.5
  24.0	471.5
  25.0	418.5
  26.0	477.5
  27.0	471
  28.0	488
  29.0	511.5
  30.0	467.611
  31.0	498.25
  32.0	487.833
  33.0	467
  34.0	492.5
  35.0	512.833
  36.0	475
  37.0	501.25
  38.0	488
  39.0	522
  40.0	519.5
  41.0	522.562
  42.0	525.5
  43.0	512
  44.0	497.5
  45.0	527.5
  46.0	553.5
  47.0	524
  48.0	540.167
  49.0	578
  50.0	560.143
  51.0	576
  52.0	563.5
  53.0	573
  54.0	588.5
  55.0	625.5
  56.0	618
  57.0	589
  58.0	589
  59.0	601.5
  60.0	595.5
  61.0	585.5
  62.0	617
  63.0	611
  64.0	640
  65.0	632.562
  66.0	608.5
  67.0	636.75
  68.0	624.5
  69.0	632.333
  70.0	625
  71.0	644
  72.0	649
  73.0	713.25
  74.0	644.5
  75.0	628
  76.0	605
  77.0	620.5
  78.0	683.75
  79.0	695.111
  80.0	620.5
  81.0	595.833
  82.0	629.5
  83.0	682.167
  84.0	613.75
  85.0	639.5
  86.0	611.5
  87.0	655.5
  88.0	645.5
  89.0	670.562
  90.0	617
  91.0	645.5
  92.0	642.5
  93.0	603.5
  94.0	645.143
  95.0	651.25
  96.0	656.5
  97.0	611.5
  98.0	674
  99.0	624.333
 100.0	604
 101.0	632.5
 102.0	591
 103.0	573.5
 104.0	630
 105.0	638.5
 106.0	616.833
 107.0	615
 108.0	612.5
 109.0	594.75
 110.0	602.25
 111.0	638.5
 112.0	591.5
 113.0	587
 114.0	567
 115.0	566
 116.0	610
 117.0	569.5
 118.0	582.167
 119.0	559.25
 120.0	591
 121.0	592.333
 122.0	582.5
 123.0	567
 124.0	623
 125.0	566
 126.0	538.5
 127.0	561.5
 128.0	551.111
 129.0	521.333
 130.0	582.333
 131.0	567
 132.0	577.5
 133.0	563.5
 134.0	541
 135.0	535.75
 136.0	585.5
 137.0	507.562
 138.0	529.143
 139.0	548
 140.0	530.5
 141.0	531
 142.0	518.5
 143.0	540
 144.0	522.5
 145.0	529.25
 146.0	562.5
 147.0	554.5
 148.0	535.5
 149.0	559
 150.0	492.5
 151.0	521
 152.0	509.5
 153.0	519.667
 154.0	551
 155.0	525.5
 156.0	514
 157.0	503.75
 158.0	547.5
 159.0	565.5
 160.0	513.5
 161.0	494.562
 162.0	475
 163.0	506.5
 164.0	483
 165.0	501
 166.0	539.5
 167.0	528
 168.0	528.5
 169.0	520.25
 170.0	532
 171.0	525.5
 172.0	558
 173.0	517.333
 174.0	537
 175.0	559
 176.0	505
 177.0	509.444
 178.0	538
 179.0	530.833
 180.0	575
 181.0	499
 182.0	523.143
 183.0	509
 184.0	523.5
 185.0	527.562
 186.0	505.75
 187.0	550.5
 188.0	514.417
 189.0	534
 190.0	489
 191.0	523
 192.0	492.5
 193.0	566
 194.0	531.5
 195.0	517.25
 196.0	552.768
 197.0	513
 198.0	592
 199.0	546.5
 200.0	547
 201.0	555
 202.0	561
 203.0	568.768
 204.0	549
 205.0	542
 206.0	602
 207.0	557
 208.0	537.5
 209.0	563.562
 210.0	580.268
 211.0	566.5
 212.0	629
 213.0	572
 214.0	566.5
 215.0	592
 216.0	553
 217.0	588.768
 218.0	605.5
 219.0	597.5
 220.0	592.5
 221.0	588
 222.0	583
 223.0	569.167
 224.0	563.268
 225.0	554.25
 226.0	582.143
 227.0	616.5
 228.0	587.5
 229.0	545.833
 230.0	577.5
 231.0	583.643
 232.0	587
 233.0	590.812
 234.0	602.5
 235.0	609.5
 236.0	565.5
 237.0	615
 238.0	589.643
 239.0	556.5
 240.0	576.5
 241.0	597.5
 242.0	552.5
 243.0	585.5
DB 0 MOTIF	RXRA_M03623_3.10
-243.5	190.5
-242.5	162.5
-241.5	192
-240.5	191.5
-239.5	195.5
-238.5	182
-237.5	186
-236.5	182
-235.5	202
-234.5	209.5
-233.5	193
-232.5	168
-231.5	157.5
-230.5	187.833
-229.5	181
-228.5	182
-227.5	187
-226.5	174.5
-225.5	192.5
-224.5	175
-223.5	197
-222.5	190
-221.5	196
-220.5	186
-219.5	207
-218.5	198
-217.5	188
-216.5	176.75
-215.5	170
-214.5	198
-213.5	194
-212.5	191
-211.5	209
-210.5	193
-209.5	192.5
-208.5	151
-207.5	200
-206.5	175
-205.5	176
-204.5	202.5
-203.5	160
-202.5	152
-201.5	189
-200.5	180.5
-199.5	148.5
-198.5	183
-197.5	183
-196.5	172
-195.5	171.5
-194.5	174.5
-193.5	167
-192.5	169
-191.5	178
-190.5	169
-189.5	158
-188.5	167
-187.5	145.75
-186.5	177.5
-185.5	176
-184.5	145.5
-183.5	163
-182.5	162
-181.5	154.667
-180.5	180
-179.5	163.5
-178.5	159.5
-177.5	144
-176.5	138.5
-175.5	152
-174.5	157
-173.5	124
-172.5	139
-171.5	134
-170.5	146
-169.5	173
-168.5	178
-167.5	156
-166.5	171
-165.5	162
-164.5	150
-163.5	138.5
-162.5	165
-161.5	143
-160.5	150
-159.5	154
-158.5	157
-157.5	168.5
-156.5	157
-155.5	188.5
-154.5	155
-153.5	176
-152.5	187
-151.5	191.5
-150.5	168.167
-149.5	173.5
-148.5	165.5
-147.5	190
-146.5	181.5
-145.5	174
-144.5	181.5
-143.5	180
-142.5	194
-141.5	219.5
-140.5	202.5
-139.5	184
-138.5	191.5
-137.5	213.5
-136.5	215
-135.5	205.5
-134.5	210
-133.5	223
-132.5	198.833
-131.5	204.333
-130.5	203.5
-129.5	214.5
-128.5	208.75
-127.5	208
-126.5	211.5
-125.5	207
-124.5	228.5
-123.5	219
-122.5	222
-121.5	214
-120.5	231
-119.5	216
-118.5	224
-117.5	212
-116.5	229
-115.5	234.167
-114.5	230
-113.5	219
-112.5	233
-111.5	254
-110.5	224
-109.5	250.5
-108.5	271.5
-107.5	268.5
-106.5	241
-105.5	241
-104.5	236
-103.5	257
-102.5	262
-101.5	263
-100.5	262
 -99.5	246
 -98.5	249.5
 -97.5	293.5
 -96.5	268
 -95.5	267.5
 -94.5	268
 -93.5	258
 -92.5	273.5
 -91.5	257
 -90.5	239
 -89.5	273.5
 -88.5	235.5
 -87.5	282.5
 -86.5	266.5
 -85.5	240
 -84.5	234
 -83.5	256
 -82.5	269
 -81.5	259
 -80.5	228.167
 -79.5	220
 -78.5	255
 -77.5	237
 -76.5	227
 -75.5	228.5
 -74.5	236.5
 -73.5	224
 -72.5	214
 -71.5	225
 -70.5	225.5
 -69.5	210.5
 -68.5	213
 -67.5	211
 -66.5	205
 -65.5	225.5
 -64.5	203.5
 -63.5	210.5
 -62.5	209
 -61.5	205
 -60.5	210
 -59.5	181.5
 -58.5	204.5
 -57.5	157
 -56.5	190.5
 -55.5	190
 -54.5	173
 -53.5	171
 -52.5	165
 -51.5	178.5
 -50.5	173.5
 -49.5	159
 -48.5	155
 -47.5	162
 -46.5	177
 -45.5	142.667
 -44.5	142
 -43.5	153
 -42.5	135
 -41.5	146.25
 -40.5	147
 -39.5	132
 -38.5	159
 -37.5	133
 -36.5	161.5
 -35.5	118
 -34.5	125
 -33.5	129
 -32.5	111.333
 -31.5	133
 -30.5	131
 -29.5	130
 -28.5	103
 -27.5	127.5
 -26.5	135
 -25.5	98
 -24.5	112
 -23.5	111.5
 -22.5	112
 -21.5	113
 -20.5	120
 -19.5	109.5
 -18.5	113
 -17.5	112
 -16.5	103
 -15.5	99.5
 -14.5	125
 -13.5	110
 -12.5	91
 -11.5	119
 -10.5	101.167
  -9.5	81
  -8.5	92
  -7.5	106
  -6.5	99
  -5.5	81
  -4.5	78
  -3.5	99.5
  -2.5	94
  -1.5	85.5
  -0.5	94
   0.5	92
   1.5	102
   2.5	81.5
   3.5	85
   4.5	99.5
   5.5	99
   6.5	100
   7.5	116
   8.5	91.5
   9.5	100
  10.5	90
  11.5	107
  12.5	84.5
  13.5	92
  14.5	116
  15.5	92
  16.5	98
  17.5	89
  18.5	103
  19.5	112.5
  20.5	121
  21.5	104
  22.5	120.5
  23.5	122
  24.5	105.167
  25.5	101.5
  26.5	137
  27.5	122
  28.5	95
  29.5	143
  30.5	122
  31.5	134.5
  32.5	106
  33.5	136
  34.5	127
  35.5	132
  36.5	146
  37.5	141
  38.5	140
  39.5	140
  40.5	139.5
  41.5	120.167
  42.5	142.5
  43.5	135
  44.5	138
  45.5	153
  46.5	145
  47.5	169
  48.5	173.5
  49.5	164
  50.5	162
  51.5	168
  52.5	153
  53.5	171
  54.5	181
  55.5	191.5
  56.5	183
  57.5	207
  58.5	166.5
  59.5	208
  60.5	169
  61.5	187
  62.5	181
  63.5	175
  64.5	191.5
  65.5	191
  66.5	215
  67.5	196
  68.5	222
  69.5	214
  70.5	233
  71.5	209
  72.5	252
  73.5	215
  74.5	231
  75.5	249
  76.5	227.167
  77.5	222
  78.5	222
  79.5	229
  80.5	246.5
  81.5	249.5
  82.5	232
  83.5	238
  84.5	237.5
  85.5	239
  86.5	276
  87.5	230
  88.5	277
  89.5	247
  90.5	268.5
  91.5	250
  92.5	222
  93.5	274
  94.5	231.5
  95.5	299
  96.5	250.5
  97.5	270
  98.5	269.5
  99.5	262.5
 100.5	250
 101.5	256.5
 102.5	247.5
 103.5	260.5
 104.5	277.5
 105.5	227
 106.5	260.5
 107.5	257
 108.5	260.5
 109.5	219
 110.5	224.5
 111.5	226.167
 112.5	232
 113.5	226.5
 114.5	246
 115.5	219.5
 116.5	229
 117.5	249.5
 118.5	235
 119.5	220
 120.5	214.5
 121.5	243
 122.5	229
 123.5	231
 124.5	227
 125.5	231.5
 126.5	217
 127.5	216.5
 128.5	188
 129.5	196.25
 130.5	237.5
 131.5	200.5
 132.5	209
 133.5	219
 134.5	198.5
 135.5	190.5
 136.5	197
 137.5	187
 138.5	187.5
 139.5	189.5
 140.5	192
 141.5	192
 142.5	178.5
 143.5	196
 144.5	190.5
 145.5	187
 146.5	160.667
 147.5	181.5
 148.5	181
 149.5	171
 150.5	180.25
 151.5	182.5
 152.5	182
 153.5	145
 154.5	169
 155.5	190.5
 156.5	159.5
 157.5	173
 158.5	165
 159.5	155.5
 160.5	159.5
 161.5	161
 162.5	152.5
 163.5	151.5
 164.5	184
 165.5	171
 166.5	176.5
 167.5	169.5
 168.5	177
 169.5	161
 170.5	155.5
 171.5	146.25
 172.5	179
 173.5	138
 174.5	151.5
 175.5	157
 176.5	151.5
 177.5	152
 178.5	145.5
 179.5	152
 180.5	170
 181.5	140.167
 182.5	165
 183.5	168
 184.5	177.5
 185.5	175
 186.5	158
 187.5	143
 188.5	165
 189.5	158
 190.5	171
 191.5	165.5
 192.5	154.75
 193.5	180.5
 194.5	162.5
 195.5	184
 196.5	173.5
 197.5	176
 198.5	178.5
 199.5	177
 200.5	182
 201.5	186
 202.5	171
 203.5	163
 204.5	211
 205.5	221.5
 206.5	157
 207.5	176.5
 208.5	185
 209.5	185
 210.5	177
 211.5	243.5
 212.5	173.5
 213.5	195.5
 214.5	188.5
 215.5	181
 216.5	181.667
 217.5	180.5
 218.5	192
 219.5	203
 220.5	217.5
 221.5	185.5
 222.5	185.5
 223.5	181
 224.5	168.5
 225.5	173
 226.5	159
 227.5	187
 228.5	197.5
 229.5	201
 230.5	174.5
 231.5	198
 232.5	168.5
 233.5	171
 234.5	167
 235.5	187
 236.5	162
 237.5	164.5
 238.5	174
 239.5	168
 240.5	162
 241.5	207
 242.5	153
 243.5	154.5
DB 0 MOTIF	RXRB.H13CORE.1.SM.B
-242.0	390.5
-241.0	426
-240.0	423.125
-239.0	430.5
-238.0	426
-237.0	404
-236.0	417.25
-235.0	391.5
-234.0	410
-233.0	415.958
-232.0	397
-231.0	448.5
-230.0	413.333
-229.0	384.5
-228.0	380
-227.0	386.667
-226.0	397.125
-225.0	388.25
-224.0	398.25
-223.0	377
-222.0	396
-221.0	388.167
-220.0	380.5
-219.0	405
-218.0	439.5
-217.0	413
-216.0	359.5
-215.0	407
-214.0	392
-213.0	424
-212.0	423
-211.0	406
-210.0	408.833
-209.0	362.5
-208.0	381
-207.0	413
-206.0	361
-205.0	389
-204.0	370
-203.0	366
-202.0	344.5
-201.0	369
-200.0	392
-199.0	362.833
-198.0	360.5
-197.0	377
-196.0	371
-195.0	343.833
-194.0	365.5
-193.0	375.5
-192.0	358.5
-191.0	362.5
-190.0	375
-189.0	359
-188.0	361.833
-187.0	368.5
-186.0	378.5
-185.0	368
-184.0	383.5
-183.0	377.5
-182.0	368
-181.0	349
-180.0	361.5
-179.0	374
-178.0	362
-177.0	344
-176.0	379.5
-175.0	371
-174.0	383
-173.0	369.833
-172.0	397.25
-171.0	385.5
-170.0	345
-169.0	387.5
-168.0	359.5
-167.0	349
-166.0	403
-165.0	385
-164.0	386
-163.0	337.833
-162.0	361.5
-161.0	388.5
-160.0	383
-159.0	365
-158.0	373.5
-157.0	404
-156.0	351
-155.0	393.833
-154.0	333
-153.0	409.5
-152.0	384.5
-151.0	397
-150.0	381.5
-149.0	404
-148.0	365
-147.0	392.5
-146.0	380.5
-145.0	364.5
-144.0	418
-143.0	409
-142.0	404.5
-141.0	389
-140.0	438.333
-139.0	398
-138.0	436
-137.0	383.5
-136.0	415
-135.0	442
-134.0	452.5
-133.0	440.5
-132.0	404.5
-131.0	464
-130.0	440.25
-129.0	452
-128.0	451
-127.0	454
-126.0	459
-125.0	441.5
-124.0	465
-123.0	502.5
-122.0	452.5
-121.0	494
-120.0	451.5
-119.0	460.5
-118.0	487.5
-117.0	467.5
-116.0	459.5
-115.0	485.5
-114.0	503.833
-113.0	454.5
-112.0	450
-111.0	438.5
-110.0	511
-109.0	501.5
-108.0	496
-107.0	452.5
-106.0	494
-105.0	480.5
-104.0	528
-103.0	501
-102.0	570
-101.0	476
-100.0	519.5
 -99.0	525
 -98.0	513
 -97.0	501.25
 -96.0	523
 -95.0	532.5
 -94.0	560.5
 -93.0	522.5
 -92.0	527
 -91.0	532.5
 -90.0	509.5
 -89.0	560
 -88.0	542.5
 -87.0	530.5
 -86.0	534.5
 -85.0	527
 -84.0	530
 -83.0	512
 -82.0	532.25
 -81.0	581.5
 -80.0	507.5
 -79.0	544.333
 -78.0	552
 -77.0	565.5
 -76.0	519.5
 -75.0	562
 -74.0	539
 -73.0	581
 -72.0	524
 -71.0	504.5
 -70.0	552.5
 -69.0	547.5
 -68.0	527.5
 -67.0	535
 -66.0	523
 -65.0	524.833
 -64.0	477
 -63.0	511.5
 -62.0	482
 -61.0	487.5
 -60.0	476
 -59.0	468.5
 -58.0	492.5
 -57.0	446.5
 -56.0	498
 -55.0	474
 -54.0	441
 -53.0	447.25
 -52.0	429.5
 -51.0	418.5
 -50.0	443
 -49.0	449.2
 -48.0	388
 -47.0	420
 -46.0	368.833
 -45.0	401.5
 -44.0	358.25
 -43.0	365.5
 -42.0	329.2
 -41.0	366.5
 -40.0	345.5
 -39.0	325.5
 -38.0	313
 -37.0	344
 -36.0	309
 -35.0	329.2
 -34.0	282.25
 -33.0	334
 -32.0	290.5
 -31.0	265
 -30.0	312
 -29.0	286
 -28.0	293.2
 -27.0	270
 -26.0	275
 -25.0	282
 -24.0	249.25
 -23.0	285
 -22.0	248
 -21.0	264.2
 -20.0	261.5
 -19.0	258.5
 -18.0	286
 -17.0	242
 -16.0	248.5
 -15.0	241
 -14.0	247
 -13.0	245.833
 -12.0	245.5
 -11.0	250
 -10.0	232
  -9.0	259
  -8.0	229.5
  -7.0	236.5
  -6.0	237.333
  -5.0	261.5
  -4.0	247
  -3.0	226
  -2.0	241.5
  -1.0	205
   0.0	229
   1.0	234
   2.0	239.5
   3.0	249
   4.0	237
   5.0	246.25
   6.0	241
   7.0	253
   8.0	225.5
   9.0	238.5
  10.0	241
  11.0	236
  12.0	229
  13.0	231
  14.0	242
  15.0	216.5
  16.0	260
  17.0	247
  18.0	264
  19.0	235.5
  20.0	242
  21.0	280.5
  22.0	265.5
  23.0	262.5
  24.0	290
  25.0	239.5
  26.0	279
  27.0	283.5
  28.0	289
  29.0	290
  30.0	294
  31.0	297.75
  32.0	316.833
  33.0	287
  34.0	319
  35.0	347
  36.0	296.5
  37.0	327
  38.0	339.5
  39.0	336
  40.0	352
  41.0	356
  42.0	364
  43.0	350.5
  44.0	357
  45.0	401
  46.0	408
  47.0	357.5
  48.0	409.167
  49.0	398
  50.0	447
  51.0	429
  52.0	450
  53.0	427
  54.0	484
  55.0	492
  56.0	476.5
  57.0	454.5
  58.0	440.5
  59.0	487
  60.0	455
  61.0	461
  62.0	474.833
  63.0	509
  64.0	527.5
  65.0	532.5
  66.0	524.5
  67.0	511.25
  68.0	520
  69.0	546.333
  70.0	495.5
  71.0	565
  72.0	551.5
  73.0	557
  74.0	523.5
  75.0	549
  76.0	529.5
  77.0	552
  78.0	567
  79.0	582.5
  80.0	526
  81.0	508.667
  82.0	549.5
  83.0	563.167
  84.0	532.25
  85.0	567.5
  86.0	514.5
  87.0	552.5
  88.0	585.5
  89.0	608
  90.0	482
  91.0	583
  92.0	573.5
  93.0	500.5
  94.0	538.5
  95.0	516.25
  96.0	570
  97.0	534.5
  98.0	576
  99.0	508
 100.0	525.333
 101.0	524.5
 102.0	509.5
 103.0	489
 104.0	498.5
 105.0	519.5
 106.0	473
 107.0	510.5
 108.0	479
 109.0	491
 110.0	466.5
 111.0	524.5
 112.0	473.833
 113.0	430
 114.0	438.5
 115.0	476.5
 116.0	511
 117.0	445.5
 118.0	465.167
 119.0	470.75
 120.0	477
 121.0	491.333
 122.0	483
 123.0	465.5
 124.0	475.5
 125.0	433
 126.0	456.5
 127.0	446.5
 128.0	433
 129.0	439.333
 130.0	457.833
 131.0	464.5
 132.0	415
 133.0	436.833
 134.0	398
 135.0	413.75
 136.0	452.5
 137.0	414.5
 138.0	408
 139.0	398.5
 140.0	419.333
 141.0	397.5
 142.0	414
 143.0	441
 144.0	386.5
 145.0	415
 146.0	422
 147.0	403.5
 148.0	404
 149.0	423.5
 150.0	367
 151.0	387.5
 152.0	356.75
 153.0	382.667
 154.0	389
 155.0	369.5
 156.0	365.5
 157.0	351.75
 158.0	400.5
 159.0	405
 160.0	391.5
 161.0	373.5
 162.0	342.833
 163.0	368.5
 164.0	364
 165.0	381.5
 166.0	411.5
 167.0	390
 168.0	348
 169.0	375.75
 170.0	389.5
 171.0	364.5
 172.0	412
 173.0	353.333
 174.0	313.5
 175.0	381.5
 176.0	371
 177.0	374
 178.0	369
 179.0	375.333
 180.0	392.5
 181.0	327
 182.0	371.5
 183.0	350.5
 184.0	332.5
 185.0	347.5
 186.0	343.25
 187.0	377.5
 188.0	367.667
 189.0	385.5
 190.0	351.5
 191.0	378
 192.0	373.5
 193.0	388
 194.0	373.5
 195.0	356.75
 196.0	385.125
 197.0	359
 198.0	406.5
 199.0	370
 200.0	392.5
 201.0	362.5
 202.0	369.5
 203.0	374.292
 204.0	373
 205.0	404
 206.0	441.5
 207.0	402.5
 208.0	361
 209.0	374.5
 210.0	414.292
 211.0	389.5
 212.0	424
 213.0	395.833
 214.0	398.5
 215.0	396.5
 216.0	377.5
 217.0	407.792
 218.0	445
 219.0	379
 220.0	439
 221.0	402
 222.0	418
 223.0	406.5
 224.0	402.792
 225.0	391
 226.0	407
 227.0	432
 228.0	408.5
 229.0	406.333
 230.0	414
 231.0	396.667
 232.0	396
 233.0	416.083
 234.0	396.5
 235.0	437.5
 236.0	372
 237.0	430.5
 238.0	399.167
 239.0	396
 240.0	408
 241.0	439.5
 242.0	360
