Pos	A	C	G	T
1	0.361083	0.094283	0.455366	0.089268
2	0.623872	0.042126	0.30993	0.024072
3	0.016048	0.059178	0.888666	0.036108
4	0.016048	0.051153	0.883651	0.049147
5	0.018054	0.058175	0.034102	0.889669
6	0.038114	0.890672	0.031093	0.04012
7	0.929789	0.029087	0.012036	0.029087
8	0.914744	0.002006	0.058175	0.025075
9	0.960883	0.0	0.039117	0.0
10	0.001003	0.004012	0.994985	0.0
11	0.002006	0.001003	0.992979	0.004012
12	0.002006	0.004012	0.006018	0.987964
13	0.001003	0.976931	0.011033	0.011033
14	0.939819	0.0	0.058175	0.002006
15	0.200602	0.244734	0.060181	0.494483
16	0.20662	0.111334	0.609829	0.072217
