DB 0 MOTIF	MA0066.1	PPARG
-240.5	9
-239.5	5
-238.5	6
-237.5	6
-236.5	1
-235.5	5
-234.5	3
-233.5	7
-232.5	7
-231.5	5
-230.5	4
-229.5	4
-228.5	4
-227.5	9
-226.5	10
-225.5	7
-224.5	4
-223.5	2
-222.5	6
-221.5	3
-220.5	6
-219.5	7
-218.5	4
-217.5	2
-216.5	4
-215.5	8
-214.5	8
-213.5	3
-212.5	6
-211.5	6
-210.5	4
-209.5	6
-208.5	6
-207.5	11.1429
-206.5	6
-205.5	6
-204.5	4
-203.5	5
-202.5	7
-201.5	1
-200.5	8
-199.5	7
-198.5	3
-197.5	8
-196.5	7
-195.5	7
-194.5	4
-193.5	4
-192.5	5
-191.5	5
-190.5	5
-189.5	4
-188.5	6
-187.5	5
-186.5	3
-185.5	1
-184.5	5
-183.5	6
-182.5	5
-181.5	7
-180.5	5
-179.5	3
-178.5	2
-177.5	1
-176.5	6
-175.5	1
-174.5	10
-173.5	2
-172.5	4.14286
-171.5	7
-170.5	7
-169.5	6
-168.5	6
-167.5	11
-166.5	3
-165.5	4
-164.5	2
-163.5	1
-162.5	2
-161.5	1
-160.5	6
-159.5	5
-158.5	6
-157.5	4
-156.5	7
-155.5	7
-154.5	3
-153.5	8
-152.5	7
-151.5	4
-150.5	5
-149.5	4
-148.5	1
-147.5	4
-146.5	7
-145.5	4
-144.5	1
-143.5	4
-142.5	2
-141.5	6
-140.5	3
-139.5	2
-138.5	5
-137.5	5.14286
-136.5	7
-135.5	4
-134.5	4.5
-133.5	9
-132.5	3
-131.5	5
-130.5	2
-129.5	4
-128.5	1
-127.5	5
-126.5	7
-125.5	1
-124.5	6
-123.5	10
-122.5	4
-121.5	8
-120.5	4
-119.5	5
-118.5	3
-117.5	8
-116.5	6
-115.5	3
-114.5	3
-113.5	3
-112.5	5
-111.5	7
-110.5	2
-109.5	6
-108.5	7
-107.5	3
-106.5	4
-105.5	4
-104.5	7
-103.5	6
-102.5	3.14286
-101.5	3
-100.5	2
 -99.5	4
 -98.5	6
 -97.5	6
 -96.5	6
 -95.5	9
 -94.5	5
 -93.5	3
 -92.5	2
 -91.5	4
 -90.5	5
 -89.5	8
 -88.5	3
 -87.5	6
 -86.5	6
 -85.5	3
 -84.5	5
 -83.5	5
 -82.5	5
 -81.5	6
 -80.5	5
 -79.5	4
 -78.5	4
 -77.5	5
 -76.5	8
 -75.5	2
 -74.5	2
 -73.5	6
 -72.5	9
 -71.5	5
 -70.5	5
 -69.5	5
 -68.5	4
 -67.5	2.64286
 -66.5	5
 -65.5	2
 -64.5	6
 -63.5	8
 -62.5	2
 -61.5	8
 -60.5	6
 -59.5	8
 -58.5	7
 -57.5	4
 -56.5	4
 -55.5	4
 -54.5	6
 -53.5	8
 -52.5	7
 -51.5	2
 -50.5	6
 -49.5	7.5
 -48.5	8
 -47.5	2
 -46.5	5
 -45.5	2
 -44.5	4
 -43.5	4
 -42.5	1
 -41.5	5
 -40.5	3
 -39.5	5
 -38.5	4
 -37.5	1
 -36.5	4
 -35.5	5
 -34.5	3
 -33.5	9
 -32.5	6.14286
 -31.5	2
 -30.5	4
 -29.5	7
 -28.5	6
 -27.5	3
 -26.5	4
 -25.5	5
 -24.5	5
 -23.5	8
 -22.5	8
 -21.5	7
 -20.5	8
 -19.5	4
 -18.5	6
 -17.5	1
 -16.5	11
 -15.5	5
 -14.5	2
 -13.5	2
 -12.5	3
 -11.5	3
 -10.5	5
  -9.5	7
  -8.5	3
  -7.5	5
  -6.5	10
  -5.5	3
  -4.5	5
  -3.5	6
  -2.5	3
  -1.5	5
  -0.5	5
   0.5	4
   1.5	4
   2.5	5.14286
   3.5	7
   4.5	9
   5.5	5
   6.5	4
   7.5	6
   8.5	5
   9.5	6
  10.5	4.5
  11.5	6.5
  12.5	10
  13.5	6
  14.5	2
  15.5	3
  16.5	5
  17.5	4
  18.5	7
  19.5	3
  20.5	5
  21.5	5
  22.5	8
  23.5	4
  24.5	5
  25.5	7
  26.5	8
  27.5	4
  28.5	7
  29.5	7
  30.5	3
  31.5	4
  32.5	5
  33.5	6
  34.5	10
  35.5	3
  36.5	8.25
  37.5	5
  38.5	6
  39.5	2
  40.5	2
  41.5	7
  42.5	12
  43.5	7
  44.5	6
  45.5	3
  46.5	3
  47.5	5
  48.5	9
  49.5	9
  50.5	3
  51.5	5
  52.5	5
  53.5	11
  54.5	9
  55.5	2
  56.5	5
  57.5	3
  58.5	6
  59.5	5
  60.5	8
  61.5	3
  62.5	7
  63.5	7
  64.5	5
  65.5	9
  66.5	4
  67.5	3
  68.5	4
  69.5	5
  70.5	4
  71.5	3
  72.5	3
  73.5	2
  74.5	5
  75.5	4
  76.5	6
  77.5	7
  78.5	4.5
  79.5	8
  80.5	2
  81.5	7
  82.5	4
  83.5	2.25
  84.5	4
  85.5	1
  86.5	8
  87.5	7
  88.5	3
  89.5	5
  90.5	5
  91.5	1
  92.5	1.5
  93.5	5
  94.5	5
  95.5	2
  96.5	8
  97.5	4
  98.5	2
  99.5	5
 100.5	8
 101.5	3
 102.5	10
 103.5	2
 104.5	4
 105.5	6
 106.5	4
 107.5	2
 108.5	5
 109.5	1
 110.5	2
 111.5	0
 112.5	2
 113.5	2
 114.5	2
 115.5	5
 116.5	5
 117.5	4
 118.5	7
 119.5	5
 120.5	3
 121.5	5
 122.5	3
 123.5	7
 124.5	3
 125.5	3
 126.5	7
 127.5	3.25
 128.5	7
 129.5	4
 130.5	5
 131.5	2
 132.5	6
 133.5	2
 134.5	7
 135.5	3
 136.5	3
 137.5	7
 138.5	4
 139.5	3
 140.5	9
 141.5	4
 142.5	0
 143.5	3
 144.5	3
 145.5	5
 146.5	5
 147.5	4
 148.5	4
 149.5	4
 150.5	3
 151.5	10.5
 152.5	5.5
 153.5	5
 154.5	2
 155.5	8
 156.5	5.5
 157.5	5
 158.5	3
 159.5	1
 160.5	8
 161.5	7
 162.5	3
 163.5	3
 164.5	7
 165.5	6
 166.5	1
 167.5	6
 168.5	2
 169.5	3
 170.5	4
 171.5	7
 172.5	3
 173.5	2
 174.5	6
 175.5	4
 176.5	7
 177.5	2
 178.5	7
 179.5	10
 180.5	3
 181.5	9
 182.5	4
 183.5	2
 184.5	5
 185.5	2
 186.5	6
 187.5	0
 188.5	3
 189.5	5
 190.5	5
 191.5	5
 192.5	0
 193.5	5
 194.5	3
 195.5	6.5
 196.5	6
 197.5	4
 198.5	2
 199.5	2
 200.5	4
 201.5	3
 202.5	2
 203.5	8
 204.5	5
 205.5	3
 206.5	3
 207.5	5
 208.5	4
 209.5	6
 210.5	7
 211.5	3.25
 212.5	2
 213.5	2
 214.5	3
 215.5	5
 216.5	6
 217.5	7
 218.5	6
 219.5	7
 220.5	5
 221.5	4
 222.5	9
 223.5	10
 224.5	0
 225.5	6
 226.5	1
 227.5	3
 228.5	5
 229.5	2
 230.5	8
 231.5	1.5
 232.5	7
 233.5	6
 234.5	4
 235.5	2
 236.5	2
 237.5	8
 238.5	2
 239.5	6
 240.5	5
DB 0 MOTIF	MA0066.2	PPARG
-241.0	7
-240.0	4
-239.0	6
-238.0	7
-237.0	3
-236.0	5
-235.0	3
-234.0	7
-233.0	4
-232.0	5
-231.0	9
-230.0	2
-229.0	4
-228.0	9
-227.0	6
-226.0	6
-225.0	9
-224.0	5
-223.0	3
-222.0	4
-221.0	5
-220.0	8
-219.0	5
-218.0	5
-217.0	3
-216.0	5
-215.0	7
-214.0	8
-213.0	4
-212.0	3
-211.0	7
-210.0	5
-209.0	8
-208.0	10
-207.0	9.14286
-206.0	3
-205.0	3
-204.0	4
-203.0	8
-202.0	5
-201.0	4
-200.0	7
-199.0	3
-198.0	6
-197.0	7
-196.0	7
-195.0	4
-194.0	4
-193.0	6
-192.0	5
-191.0	4
-190.0	8
-189.0	2
-188.0	5
-187.0	5
-186.0	2
-185.0	6
-184.0	3
-183.0	6
-182.0	7
-181.0	5
-180.0	5
-179.0	4
-178.0	2
-177.0	3
-176.0	8
-175.0	6
-174.0	5
-173.0	5
-172.0	6.14286
-171.0	6
-170.0	8
-169.0	7
-168.0	12
-167.0	4
-166.0	7
-165.0	4
-164.0	4
-163.0	1
-162.0	2
-161.0	3
-160.0	5
-159.0	3
-158.0	5
-157.0	6
-156.0	2
-155.0	7
-154.0	5
-153.0	6
-152.0	8
-151.0	0
-150.0	8
-149.0	4
-148.0	2
-147.0	7
-146.0	6
-145.0	4
-144.0	2
-143.0	6
-142.0	1
-141.0	5
-140.0	3
-139.0	3
-138.0	9
-137.0	3.14286
-136.0	6
-135.0	9
-134.0	6
-133.0	5
-132.0	6
-131.0	3
-130.0	4
-129.0	4
-128.0	2
-127.0	8
-126.0	3
-125.0	5
-124.0	9
-123.0	5
-122.0	8
-121.0	8
-120.0	5
-119.0	2
-118.0	7
-117.0	5
-116.0	7
-115.0	4
-114.0	1
-113.0	4
-112.0	7
-111.0	5
-110.0	7
-109.0	4
-108.0	7
-107.0	6
-106.0	4
-105.0	7
-104.0	10
-103.0	6
-102.0	2.14286
-101.0	6
-100.0	3
 -99.0	6
 -98.0	8
 -97.0	6
 -96.0	9
 -95.0	5
 -94.0	7
 -93.0	3
 -92.0	5
 -91.0	7
 -90.0	4
 -89.0	8
 -88.0	4
 -87.0	7
 -86.0	3
 -85.0	5
 -84.0	1
 -83.0	6
 -82.0	8
 -81.0	2
 -80.0	6
 -79.0	4
 -78.0	5
 -77.0	5
 -76.0	6
 -75.0	4
 -74.0	4
 -73.0	4
 -72.0	8
 -71.0	7
 -70.0	6
 -69.0	5
 -68.0	4.5
 -67.0	4.14286
 -66.0	6
 -65.0	4
 -64.0	8
 -63.0	4
 -62.0	6
 -61.0	7
 -60.0	10
 -59.0	5
 -58.0	4
 -57.0	6
 -56.0	3
 -55.0	6
 -54.0	9
 -53.0	7
 -52.0	7
 -51.0	8
 -50.0	2.5
 -49.0	7
 -48.0	4
 -47.0	4
 -46.0	2
 -45.0	6
 -44.0	7
 -43.0	2
 -42.0	4
 -41.0	6
 -40.0	5
 -39.0	4
 -38.0	3
 -37.0	0
 -36.0	7
 -35.0	7
 -34.0	9
 -33.0	5
 -32.0	7.14286
 -31.0	5
 -30.0	6
 -29.0	4
 -28.0	7
 -27.0	8
 -26.0	5
 -25.0	7
 -24.0	8
 -23.0	9
 -22.0	5
 -21.0	9
 -20.0	6
 -19.0	6
 -18.0	3
 -17.0	6
 -16.0	8
 -15.0	3
 -14.0	3
 -13.0	2
 -12.0	4
 -11.0	3
 -10.0	7
  -9.0	4
  -8.0	5
  -7.0	7
  -6.0	7
  -5.0	6
  -4.0	7
  -3.0	4
  -2.0	5
  -1.0	5
   0.0	2
   1.0	8
   2.0	5
   3.0	5.14286
   4.0	3
   5.0	9
   6.0	1
   7.0	7
   8.0	6
   9.0	8
  10.0	7
  11.0	4
  12.0	8
  13.0	3
  14.0	6
  15.0	2
  16.0	6
  17.0	6
  18.0	7
  19.0	2
  20.0	6
  21.0	7
  22.0	9
  23.0	5
  24.0	4
  25.0	8
  26.0	7
  27.0	7
  28.0	7
  29.0	8
  30.0	6
  31.0	3
  32.0	6
  33.0	6
  34.0	7
  35.0	7
  36.0	8
  37.0	5
  38.0	7
  39.0	6
  40.0	4
  41.0	5
  42.0	15
  43.0	4
  44.0	7
  45.0	9
  46.0	3
  47.0	5
  48.0	4
  49.0	8
  50.0	3
  51.0	3
  52.0	7
  53.0	8
  54.0	9
  55.0	6
  56.0	5
  57.0	5
  58.0	4
  59.0	7
  60.0	6
  61.0	8
  62.0	7
  63.0	10
  64.0	5
  65.0	5
  66.0	8
  67.0	3
  68.0	3
  69.0	4
  70.0	5
  71.0	5
  72.0	3
  73.0	4
  74.0	5
  75.0	3
  76.0	0
  77.0	10
  78.0	5.5
  79.0	4
  80.0	5
  81.0	4
  82.0	7
  83.0	2
  84.0	1
  85.0	4
  86.0	4
  87.0	8
  88.0	3
  89.0	7
  90.0	1
  91.0	3
  92.0	2
  93.0	3
  94.0	6
  95.0	2
  96.0	7
  97.0	5
  98.0	2
  99.0	4
 100.0	8
 101.0	9
 102.0	7
 103.0	7
 104.0	0
 105.0	7
 106.0	4
 107.0	1
 108.0	4
 109.0	4
 110.0	3
 111.0	2
 112.0	4
 113.0	1
 114.0	5
 115.0	2
 116.0	5
 117.0	4
 118.0	5
 119.0	7
 120.0	4
 121.0	6
 122.0	4
 123.0	3
 124.0	5
 125.0	5
 126.0	3
 127.0	5
 128.0	2
 129.0	6
 130.0	6
 131.0	3
 132.0	6
 133.0	1
 134.0	3
 135.0	7
 136.0	5
 137.0	3
 138.0	8
 139.0	2
 140.0	8
 141.0	7
 142.0	2
 143.0	3
 144.0	4
 145.0	6
 146.0	4
 147.0	5
 148.0	4
 149.0	7
 150.0	3
 151.0	5
 152.0	8
 153.0	4
 154.0	4
 155.0	5
 156.0	6.5
 157.0	5
 158.0	5
 159.0	4
 160.0	7
 161.0	9
 162.0	6
 163.0	2
 164.0	9
 165.0	6
 166.0	4
 167.0	6
 168.0	4
 169.0	4
 170.0	5
 171.0	5
 172.0	7
 173.0	2
 174.0	4
 175.0	8
 176.0	9
 177.0	3
 178.0	3
 179.0	7
 180.0	7
 181.0	2
 182.0	8
 183.0	4
 184.0	3
 185.0	6
 186.0	4
 187.0	3
 188.0	2
 189.0	3
 190.0	5
 191.0	8
 192.0	3
 193.0	0
 194.0	5
 195.0	6.5
 196.0	12
 197.0	5
 198.0	6
 199.0	3
 200.0	4
 201.0	4
 202.0	4
 203.0	4
 204.0	5
 205.0	5
 206.0	4
 207.0	8
 208.0	1
 209.0	6
 210.0	6
 211.0	7
 212.0	3
 213.0	4
 214.0	2
 215.0	3
 216.0	1
 217.0	12
 218.0	5
 219.0	6
 220.0	9
 221.0	7
 222.0	8
 223.0	6
 224.0	4
 225.0	4
 226.0	5
 227.0	1
 228.0	4
 229.0	7
 230.0	7
 231.0	1.5
 232.0	5
 233.0	6
 234.0	5
 235.0	2
 236.0	3
 237.0	6
 238.0	5
 239.0	4
 240.0	6
 241.0	4
DB 0 MOTIF	PPARA_M12541_3.10
-240.5	1
-239.5	0
-238.5	0
-237.5	0
-236.5	0
-235.5	0
-234.5	0
-233.5	0
-232.5	0
-231.5	0
-230.5	0
-229.5	1
-228.5	0
-227.5	0
-226.5	0
-225.5	1
-224.5	0
-223.5	0
-222.5	1
-221.5	0
-220.5	0
-219.5	1
-218.5	0
-217.5	0
-216.5	0
-215.5	0
-214.5	0
-213.5	1
-212.5	0
-211.5	0
-210.5	0
-209.5	0
-208.5	0
-207.5	0
-206.5	0
-205.5	0
-204.5	0
-203.5	0
-202.5	0
-201.5	0
-200.5	1
-199.5	0
-198.5	0
-197.5	0
-196.5	0
-195.5	1
-194.5	0
-193.5	1
-192.5	3
-191.5	0
-190.5	0
-189.5	0
-188.5	0
-187.5	1
-186.5	0
-185.5	1
-184.5	0
-183.5	0
-182.5	0
-181.5	0
-180.5	0
-179.5	0
-178.5	0
-177.5	0
-176.5	0
-175.5	0
-174.5	0
-173.5	0
-172.5	0
-171.5	1
-170.5	0
-169.5	0
-168.5	0
-167.5	0
-166.5	0
-165.5	1
-164.5	1
-163.5	0
-162.5	0
-161.5	0
-160.5	0
-159.5	0
-158.5	0
-157.5	0
-156.5	0
-155.5	1
-154.5	0
-153.5	1
-152.5	1
-151.5	1
-150.5	0
-149.5	1
-148.5	0
-147.5	0
-146.5	0
-145.5	0
-144.5	1
-143.5	0
-142.5	0
-141.5	0
-140.5	1
-139.5	0
-138.5	0
-137.5	0
-136.5	0
-135.5	1
-134.5	0
-133.5	0
-132.5	0
-131.5	0
-130.5	0
-129.5	1
-128.5	2
-127.5	0
-126.5	1
-125.5	0
-124.5	0
-123.5	0
-122.5	1
-121.5	1
-120.5	1
-119.5	0
-118.5	0
-117.5	0
-116.5	1
-115.5	0
-114.5	1
-113.5	0
-112.5	0
-111.5	0
-110.5	0
-109.5	0
-108.5	0
-107.5	0
-106.5	0
-105.5	0
-104.5	0
-103.5	0
-102.5	1
-101.5	0
-100.5	0
 -99.5	0
 -98.5	0
 -97.5	0
 -96.5	0
 -95.5	0
 -94.5	1
 -93.5	0
 -92.5	0
 -91.5	1
 -90.5	0
 -89.5	0
 -88.5	0
 -87.5	1
 -86.5	0
 -85.5	0
 -84.5	0
 -83.5	0
 -82.5	0
 -81.5	0
 -80.5	0
 -79.5	0
 -78.5	0
 -77.5	0
 -76.5	0
 -75.5	0
 -74.5	0
 -73.5	0
 -72.5	1
 -71.5	0
 -70.5	0
 -69.5	0
 -68.5	0
 -67.5	1
 -66.5	3
 -65.5	0
 -64.5	1
 -63.5	0
 -62.5	0
 -61.5	0
 -60.5	0
 -59.5	3
 -58.5	0
 -57.5	0
 -56.5	0
 -55.5	0
 -54.5	0
 -53.5	0
 -52.5	0
 -51.5	1
 -50.5	0
 -49.5	0
 -48.5	2
 -47.5	1
 -46.5	0
 -45.5	0
 -44.5	1
 -43.5	1
 -42.5	2
 -41.5	0
 -40.5	0
 -39.5	1
 -38.5	0
 -37.5	0
 -36.5	0
 -35.5	0
 -34.5	1
 -33.5	0
 -32.5	0
 -31.5	1
 -30.5	0
 -29.5	1
 -28.5	0
 -27.5	0
 -26.5	0
 -25.5	0
 -24.5	0
 -23.5	0
 -22.5	1
 -21.5	2
 -20.5	0
 -19.5	0
 -18.5	0
 -17.5	0
 -16.5	0
 -15.5	3
 -14.5	0
 -13.5	1
 -12.5	1
 -11.5	0
 -10.5	1
  -9.5	1
  -8.5	0
  -7.5	0
  -6.5	0
  -5.5	1
  -4.5	1
  -3.5	0
  -2.5	0
  -1.5	0
  -0.5	1
   0.5	0
   1.5	0
   2.5	0
   3.5	0
   4.5	0
   5.5	0
   6.5	0
   7.5	1
   8.5	0
   9.5	0
  10.5	0
  11.5	1
  12.5	0
  13.5	1
  14.5	0
  15.5	2
  16.5	0
  17.5	1
  18.5	2
  19.5	0
  20.5	1
  21.5	0
  22.5	1
  23.5	1
  24.5	2
  25.5	2
  26.5	1
  27.5	0
  28.5	2
  29.5	0
  30.5	0
  31.5	0
  32.5	1
  33.5	0
  34.5	0
  35.5	2
  36.5	0
  37.5	0
  38.5	0
  39.5	0
  40.5	0
  41.5	0
  42.5	0
  43.5	1
  44.5	2
  45.5	0
  46.5	0
  47.5	2
  48.5	1
  49.5	0
  50.5	1
  51.5	0
  52.5	0
  53.5	0
  54.5	1
  55.5	0
  56.5	0
  57.5	0
  58.5	0
  59.5	0
  60.5	0
  61.5	1
  62.5	0
  63.5	0
  64.5	0
  65.5	0
  66.5	0
  67.5	1
  68.5	1
  69.5	1
  70.5	1
  71.5	0
  72.5	0
  73.5	2
  74.5	0
  75.5	0
  76.5	0
  77.5	1
  78.5	1
  79.5	0
  80.5	0
  81.5	0
  82.5	1
  83.5	1
  84.5	0
  85.5	0
  86.5	0
  87.5	0
  88.5	0
  89.5	1
  90.5	0
  91.5	0
  92.5	0
  93.5	1
  94.5	0
  95.5	1
  96.5	0
  97.5	0
  98.5	0
  99.5	0
 100.5	0
 101.5	1
 102.5	0
 103.5	0
 104.5	0
 105.5	0
 106.5	0
 107.5	0
 108.5	1
 109.5	0
 110.5	0
 111.5	0
 112.5	0
 113.5	0
 114.5	0
 115.5	1
 116.5	2
 117.5	0
 118.5	1
 119.5	2
 120.5	0
 121.5	0
 122.5	0
 123.5	0
 124.5	0
 125.5	1
 126.5	0
 127.5	0
 128.5	0
 129.5	0
 130.5	0
 131.5	0
 132.5	0
 133.5	0
 134.5	2
 135.5	0
 136.5	0
 137.5	0
 138.5	0
 139.5	0
 140.5	1
 141.5	1
 142.5	0
 143.5	0
 144.5	1
 145.5	0
 146.5	1
 147.5	0
 148.5	0
 149.5	1
 150.5	1
 151.5	0
 152.5	0
 153.5	0
 154.5	0
 155.5	0
 156.5	0
 157.5	1
 158.5	0
 159.5	0
 160.5	0
 161.5	0
 162.5	0
 163.5	0
 164.5	0
 165.5	0
 166.5	0
 167.5	0
 168.5	1
 169.5	0
 170.5	0
 171.5	0
 172.5	0
 173.5	0
 174.5	0
 175.5	0
 176.5	0
 177.5	0
 178.5	0
 179.5	1
 180.5	0
 181.5	1
 182.5	0
 183.5	0
 184.5	0
 185.5	0
 186.5	0
 187.5	1
 188.5	1
 189.5	0
 190.5	0
 191.5	0
 192.5	0
 193.5	0
 194.5	0
 195.5	0
 196.5	0
 197.5	0
 198.5	0
 199.5	0
 200.5	0
 201.5	0
 202.5	1
 203.5	0
 204.5	0
 205.5	0
 206.5	0
 207.5	0
 208.5	0
 209.5	0
 210.5	0
 211.5	0
 212.5	0
 213.5	0
 214.5	1
 215.5	1
 216.5	0
 217.5	0
 218.5	0
 219.5	1
 220.5	1
 221.5	2
 222.5	0
 223.5	0
 224.5	0
 225.5	0
 226.5	0
 227.5	0
 228.5	0
 229.5	0
 230.5	0
 231.5	0
 232.5	0
 233.5	1
 234.5	0
 235.5	1
 236.5	0
 237.5	1
 238.5	0
 239.5	0
 240.5	0
DB 0 MOTIF	PPARD.H13CORE.0.PSM.A
-243.0	33
-242.0	32.5
-241.0	29.5
-240.0	37.5
-239.0	35
-238.0	35
-237.0	30
-236.0	38.5
-235.0	47
-234.0	37
-233.0	44.5
-232.0	37.5
-231.0	31
-230.0	33
-229.0	40.5
-228.0	41.0833
-227.0	45.5
-226.0	60.5
-225.0	41
-224.0	50
-223.0	40.5833
-222.0	40
-221.0	33
-220.0	44
-219.0	38
-218.0	42.0833
-217.0	42
-216.0	37.5
-215.0	33
-214.0	40.5
-213.0	47.0833
-212.0	44
-211.0	42
-210.0	23.5
-209.0	34.5
-208.0	39.5833
-207.0	45.5
-206.0	33
-205.0	31
-204.0	51
-203.0	44.0833
-202.0	36.5
-201.0	53
-200.0	47.8333
-199.0	39
-198.0	61.0833
-197.0	54
-196.0	51
-195.0	50.5
-194.0	45.5
-193.0	48.0833
-192.0	49
-191.0	56
-190.0	65
-189.0	77
-188.0	80.0833
-187.0	78
-186.0	64
-185.0	70
-184.0	67
-183.0	80.0833
-182.0	50
-181.0	58
-180.0	67.5
-179.0	80
-178.0	102.083
-177.0	99
-176.0	83.5
-175.0	77.5
-174.0	64.5
-173.0	52.0833
-172.0	63
-171.0	63
-170.0	56
-169.0	62
-168.0	59
-167.0	53
-166.0	68.5
-165.0	66
-164.0	65.5
-163.0	54
-162.0	64.5
-161.0	60
-160.0	65
-159.0	62.5
-158.0	65.5
-157.0	64
-156.0	67
-155.0	64
-154.0	62.5
-153.0	56
-152.0	62
-151.0	60.5
-150.0	53.5
-149.0	73.5
-148.0	56
-147.0	59.5
-146.0	83.5
-145.0	50
-144.0	63.5
-143.0	50
-142.0	59
-141.0	67
-140.0	53
-139.0	51
-138.0	48
-137.0	49
-136.0	60
-135.0	56
-134.0	50.5
-133.0	54
-132.0	56.5
-131.0	62.5
-130.0	50
-129.0	46
-128.0	52
-127.0	48
-126.0	54.5
-125.0	65
-124.0	47
-123.0	59.5
-122.0	56
-121.0	41.5
-120.0	47
-119.0	51
-118.0	49
-117.0	46
-116.0	41
-115.0	53
-114.0	38.5
-113.0	46.5
-112.0	41
-111.0	47.5
-110.0	45
-109.0	32.5
-108.0	47
-107.0	28
-106.0	45.8333
-105.0	52
-104.0	39
-103.0	39
-102.0	40
-101.0	31
-100.0	38
 -99.0	30
 -98.0	46
 -97.0	37
 -96.0	37
 -95.0	37
 -94.0	44
 -93.0	38
 -92.0	29
 -91.0	43
 -90.0	42
 -89.0	44
 -88.0	42
 -87.0	42
 -86.0	43.5
 -85.0	40
 -84.0	35
 -83.0	39
 -82.0	34
 -81.0	37
 -80.0	26
 -79.0	44.5
 -78.0	31
 -77.0	28.5
 -76.0	46
 -75.0	23
 -74.0	39
 -73.0	33
 -72.0	22.5
 -71.0	32
 -70.0	25
 -69.0	34.5
 -68.0	38
 -67.0	33
 -66.0	32
 -65.0	39
 -64.0	37
 -63.0	41
 -62.0	32
 -61.0	26
 -60.0	33
 -59.0	34
 -58.0	41
 -57.0	49
 -56.0	41
 -55.0	40
 -54.0	51.5
 -53.0	44
 -52.0	24
 -51.0	46
 -50.0	37.5
 -49.0	32.5
 -48.0	44
 -47.0	24
 -46.0	39
 -45.0	39.5
 -44.0	33.5
 -43.0	37
 -42.0	33
 -41.0	40
 -40.0	56
 -39.0	43
 -38.0	36.5
 -37.0	37
 -36.0	33.5
 -35.0	41.5
 -34.0	22
 -33.0	38
 -32.0	23
 -31.0	27.5
 -30.0	34
 -29.0	28
 -28.0	28
 -27.0	26.5
 -26.0	34
 -25.0	26
 -24.0	30
 -23.0	35
 -22.0	33.5
 -21.0	28
 -20.0	35
 -19.0	25
 -18.0	36
 -17.0	26
 -16.0	36
 -15.0	33
 -14.0	25
 -13.0	28
 -12.0	22.3333
 -11.0	33
 -10.0	34
  -9.0	30
  -8.0	26
  -7.0	32.5
  -6.0	24
  -5.0	21
  -4.0	29
  -3.0	26
  -2.0	31
  -1.0	24
   0.0	33.5
   1.0	24
   2.0	29
   3.0	23
   4.0	37
   5.0	31
   6.0	43
   7.0	34
   8.0	24
   9.0	21.5
  10.0	30
  11.0	34
  12.0	31
  13.0	33
  14.0	32
  15.0	28.5
  16.0	34
  17.0	28
  18.0	32
  19.0	30
  20.0	31.3333
  21.0	42
  22.0	29
  23.0	30
  24.0	25
  25.0	23
  26.0	25.5
  27.0	22
  28.0	28.5
  29.0	30
  30.0	21
  31.0	37
  32.0	27
  33.0	32.5
  34.0	24
  35.0	37.5
  36.0	28
  37.0	35
  38.0	42
  39.0	35.5
  40.0	33.5
  41.0	44
  42.0	46
  43.0	30.5
  44.0	44
  45.0	30
  46.0	40
  47.0	43
  48.0	31
  49.0	34.5
  50.0	47.5
  51.0	48.5
  52.0	36
  53.0	31
  54.0	44.5
  55.0	44
  56.0	41
  57.0	38.5
  58.0	37.5
  59.0	31
  60.0	51
  61.0	25.5
  62.0	33.5
  63.0	33.5
  64.0	33
  65.0	36
  66.0	39
  67.0	31
  68.0	29.5
  69.0	36
  70.0	37
  71.0	37
  72.0	39
  73.0	35
  74.0	33
  75.0	34
  76.0	35
  77.0	38
  78.0	25
  79.0	33.8333
  80.0	25
  81.0	47
  82.0	36
  83.0	42
  84.0	41
  85.0	34
  86.0	39
  87.0	35.5
  88.0	38
  89.0	35.5
  90.0	33
  91.0	43
  92.0	38
  93.0	36.5
  94.0	47.5
  95.0	34
  96.0	31
  97.0	35
  98.0	38
  99.0	40
 100.0	26
 101.0	27
 102.0	38
 103.0	37
 104.0	49
 105.0	27
 106.0	39.5
 107.0	51.5
 108.0	43.5
 109.0	43
 110.0	50
 111.0	43.5
 112.0	30.3333
 113.0	37
 114.0	33
 115.0	50
 116.0	48
 117.0	48.5
 118.0	43.3333
 119.0	59
 120.0	34
 121.0	55
 122.0	38
 123.0	45.5
 124.0	49
 125.0	50
 126.0	52
 127.0	37
 128.0	44.5
 129.0	42
 130.0	43
 131.0	46
 132.0	59.5
 133.0	59
 134.0	37.5
 135.0	45
 136.0	56
 137.0	49
 138.0	43
 139.0	54
 140.0	41
 141.0	66.5
 142.0	54.5
 143.0	44
 144.0	54
 145.0	72.3333
 146.0	48
 147.0	53
 148.0	57
 149.0	65.5
 150.0	40.5
 151.0	62
 152.0	62
 153.0	65.5
 154.0	45.5
 155.0	50.5
 156.0	68.5
 157.0	58
 158.0	54
 159.0	57.5
 160.0	59
 161.0	60
 162.0	50.5
 163.0	60
 164.0	58.5
 165.0	67.5
 166.0	60
 167.0	55.5
 168.0	64
 169.0	55
 170.0	68
 171.0	69.5
 172.0	64
 173.0	69
 174.0	78
 175.0	66.5
 176.0	79
 177.0	103
 178.0	76
 179.0	91
 180.0	70.5
 181.0	81
 182.0	73
 183.0	77
 184.0	68
 185.0	65
 186.0	68
 187.0	87
 188.0	103
 189.0	77.5
 190.0	81.5
 191.0	95
 192.0	70
 193.0	68.5
 194.0	48
 195.0	62.5
 196.0	44.5
 197.0	55.5
 198.0	53.7
 199.0	51
 200.0	50.5
 201.0	51
 202.0	44
 203.0	48
 204.0	37.5
 205.0	51.5
 206.0	49.5
 207.0	41.5
 208.0	49.2
 209.0	54
 210.0	47.5
 211.0	45.5
 212.0	59
 213.0	44
 214.0	55.5
 215.0	33.5
 216.0	38.3333
 217.0	50
 218.0	48.2
 219.0	55
 220.0	47.5
 221.0	49
 222.0	31
 223.0	38
 224.0	51.5
 225.0	63
 226.0	54.5
 227.0	51
 228.0	57.2
 229.0	51.5
 230.0	54
 231.0	45.5
 232.0	47
 233.0	43
 234.0	33
 235.0	36
 236.0	31
 237.0	36
 238.0	40.7
 239.0	34
 240.0	32
 241.0	30.5
 242.0	37
 243.0	31.5
DB 0 MOTIF	PPARG_M12498_3.10
-242.0	16
-241.0	20.5
-240.0	19
-239.0	20
-238.0	13
-237.0	20.5
-236.0	24.5
-235.0	13.5
-234.0	13
-233.0	17
-232.0	17
-231.0	22.5
-230.0	16
-229.0	17
-228.0	28
-227.0	20.5
-226.0	28
-225.0	21
-224.0	21
-223.0	18
-222.0	24
-221.0	20.5
-220.0	20
-219.0	20
-218.0	16
-217.0	25
-216.0	27
-215.0	22.5
-214.0	19
-213.0	15.5
-212.0	27
-211.0	21
-210.0	22
-209.0	18
-208.0	19.5
-207.0	23.5
-206.0	24
-205.0	21
-204.0	17
-203.0	23
-202.0	33
-201.0	32.3333
-200.0	36
-199.0	34
-198.0	32.5
-197.0	43.5
-196.0	38
-195.0	41
-194.0	45
-193.0	43
-192.0	52
-191.0	59.5
-190.0	68
-189.0	72
-188.0	97
-187.0	88.5
-186.0	76
-185.0	66
-184.0	57
-183.0	44.5
-182.0	55
-181.0	40
-180.0	51
-179.0	46
-178.0	49
-177.0	65.5
-176.0	39.5
-175.0	49
-174.0	47
-173.0	47
-172.0	37
-171.0	36.5
-170.0	48.5
-169.0	40.5
-168.0	45.5
-167.0	35
-166.0	48
-165.0	56
-164.0	57
-163.0	59
-162.0	41
-161.0	37
-160.0	34
-159.0	64.5
-158.0	63.5
-157.0	43.5
-156.0	48.5
-155.0	48
-154.0	51
-153.0	47
-152.0	47
-151.0	47
-150.0	51
-149.0	50.5
-148.0	47.5
-147.0	48
-146.0	52
-145.0	59
-144.0	42.5
-143.0	44
-142.0	50
-141.0	53
-140.0	46
-139.0	45
-138.0	40.5
-137.0	37
-136.0	41
-135.0	48.5
-134.0	38.5
-133.0	38
-132.0	49
-131.0	46
-130.0	45
-129.0	35
-128.0	29
-127.0	38
-126.0	36
-125.0	48
-124.0	34
-123.0	34.5
-122.0	40.5
-121.0	43
-120.0	42
-119.0	32.5
-118.0	30
-117.0	37
-116.0	32
-115.0	35
-114.0	27.5
-113.0	30.5
-112.0	37.7
-111.0	35
-110.0	42.5
-109.0	32
-108.0	16
-107.0	32.8333
-106.0	21
-105.0	22
-104.0	15.5
-103.0	24
-102.0	28.5
-101.0	17.5
-100.0	19
 -99.0	24
 -98.0	25
 -97.0	20.5
 -96.0	28.5
 -95.0	25
 -94.0	29
 -93.0	16
 -92.0	25
 -91.0	15
 -90.0	24.5
 -89.0	30
 -88.0	23
 -87.0	27
 -86.0	15
 -85.0	30.5
 -84.0	24.2
 -83.0	24
 -82.0	26
 -81.0	17
 -80.0	21
 -79.0	21
 -78.0	29
 -77.0	18
 -76.0	26.5
 -75.0	19.5
 -74.0	22
 -73.0	14
 -72.0	21
 -71.0	16
 -70.0	11
 -69.0	24
 -68.0	26.5
 -67.0	25
 -66.0	26
 -65.0	22
 -64.0	32
 -63.0	20
 -62.0	24
 -61.0	18
 -60.0	22
 -59.0	21.5
 -58.0	26.5
 -57.0	24
 -56.0	28.7
 -55.0	30.5
 -54.0	29
 -53.0	30
 -52.0	28.5
 -51.0	32
 -50.0	30
 -49.0	32
 -48.0	27
 -47.0	22
 -46.0	31
 -45.0	28
 -44.0	23
 -43.0	18
 -42.0	18.5
 -41.0	17
 -40.0	12
 -39.0	23
 -38.0	27
 -37.0	21
 -36.0	16
 -35.0	17
 -34.0	19.5
 -33.0	16
 -32.0	18
 -31.0	17.5
 -30.0	20
 -29.0	19
 -28.0	17.2
 -27.0	16
 -26.0	14
 -25.0	15
 -24.0	14
 -23.0	21
 -22.0	14
 -21.0	23
 -20.0	18
 -19.0	15
 -18.0	13
 -17.0	18.5
 -16.0	18
 -15.0	15
 -14.0	18
 -13.0	23.3333
 -12.0	17
 -11.0	13.5
 -10.0	15
  -9.0	16
  -8.0	19.5
  -7.0	18
  -6.0	9
  -5.0	15
  -4.0	13
  -3.0	19
  -2.0	16.5
  -1.0	16
   0.0	13.2
   1.0	21.5
   2.0	17
   3.0	14
   4.0	9
   5.0	19
   6.0	12
   7.0	10
   8.0	16
   9.0	12
  10.0	21
  11.0	13
  12.0	14
  13.0	19
  14.0	25.5
  15.0	14
  16.0	19.5
  17.0	13
  18.0	16
  19.0	13
  20.0	14.5
  21.0	16
  22.0	15
  23.0	18
  24.0	25
  25.0	19
  26.0	19
  27.0	17
  28.0	14
  29.0	15
  30.0	13
  31.0	19
  32.0	14.5
  33.0	17
  34.0	11
  35.0	12
  36.0	17
  37.0	15
  38.0	23
  39.0	21
  40.0	18
  41.0	22.5
  42.0	17
  43.0	19
  44.0	14
  45.0	24
  46.0	30
  47.0	27
  48.0	30
  49.0	26
  50.0	32.5
  51.0	36
  52.0	34
  53.0	28
  54.0	19
  55.0	27
  56.0	31.5
  57.0	34
  58.0	30
  59.0	30.5
  60.0	21
  61.0	34.5
  62.0	20
  63.0	20
  64.0	17
  65.0	33
  66.0	20.5
  67.0	24.5
  68.0	30.5
  69.0	18
  70.0	22
  71.0	23
  72.0	17
  73.0	22
  74.0	24
  75.0	29
  76.0	19.5
  77.0	19
  78.0	27.3333
  79.0	16
  80.0	23
  81.0	14
  82.0	23
  83.0	16
  84.0	23
  85.0	17
  86.0	21
  87.0	18
  88.0	26
  89.0	19
  90.0	23
  91.0	26
  92.0	23
  93.0	17.5
  94.0	23
  95.0	13
  96.0	15
  97.0	25
  98.0	29
  99.0	21
 100.0	25
 101.0	25
 102.0	25
 103.0	29
 104.0	26
 105.0	29
 106.0	15
 107.0	23.5
 108.0	28
 109.0	29.5
 110.0	24.5
 111.0	31.3333
 112.0	20.5
 113.0	28.5
 114.0	24
 115.0	25
 116.0	27
 117.0	35
 118.0	19.5
 119.0	24
 120.0	28
 121.0	25
 122.0	29.5
 123.0	34
 124.0	31
 125.0	29
 126.0	23
 127.0	25
 128.0	28
 129.0	36.5
 130.0	25.5
 131.0	40
 132.0	32
 133.0	30
 134.0	35
 135.0	34
 136.0	49
 137.0	42
 138.0	43
 139.0	42
 140.0	44
 141.0	38
 142.0	27
 143.0	35.5
 144.0	27.3333
 145.0	58
 146.0	36
 147.0	44
 148.0	48.5
 149.0	35.5
 150.0	45
 151.0	40
 152.0	41
 153.0	35.5
 154.0	46
 155.0	46
 156.0	51.5
 157.0	47
 158.0	55
 159.0	54.5
 160.0	45
 161.0	45
 162.0	61
 163.0	49
 164.0	42
 165.0	43
 166.0	59.5
 167.0	48
 168.0	42
 169.0	44
 170.0	51
 171.0	49
 172.0	56
 173.0	61
 174.0	46
 175.0	43
 176.0	39
 177.0	52
 178.0	48
 179.0	52.5
 180.0	56.5
 181.0	52
 182.0	58.5
 183.0	58
 184.0	60
 185.0	69
 186.0	97
 187.0	145
 188.0	124.5
 189.0	123
 190.0	96.5
 191.0	66.5
 192.0	82.5
 193.0	44.5
 194.0	45.5
 195.0	45
 196.0	39.5
 197.0	52.5
 198.0	43
 199.0	32
 200.0	44.5
 201.0	29
 202.0	32
 203.0	30.5
 204.0	25
 205.0	40
 206.0	21.5
 207.0	39
 208.0	30
 209.0	19.5
 210.0	30.5
 211.0	32.5
 212.0	25.5
 213.0	34.5
 214.0	19.5
 215.0	24.5
 216.0	24.5
 217.0	24.5
 218.0	29
 219.0	18
 220.0	24
 221.0	20
 222.0	23
 223.0	18
 224.0	22
 225.0	13
 226.0	19
 227.0	13.5
 228.0	25
 229.0	18
 230.0	19.5
 231.0	26
 232.0	26.5
 233.0	18
 234.0	20.5
 235.0	19
 236.0	24
 237.0	16
 238.0	22.5
 239.0	20
 240.0	14.5
 241.0	21
 242.0	18
DB 0 MOTIF	RXRB.H13CORE.0.P.C
-243.5	41.5
-242.5	42
-241.5	39.125
-240.5	42.3333
-239.5	54
-238.5	47
-237.5	42
-236.5	38
-235.5	48
-234.5	39
-233.5	31
-232.5	53
-231.5	39
-230.5	31
-229.5	36.5
-228.5	43
-227.5	37
-226.5	42
-225.5	41
-224.5	46
-223.5	49
-222.5	34.5
-221.5	43
-220.5	36
-219.5	37
-218.5	43
-217.5	42.5
-216.5	49
-215.5	39.5
-214.5	46
-213.5	48.5
-212.5	57.5
-211.5	49
-210.5	46
-209.5	62.5
-208.5	54
-207.5	49.5
-206.5	49.125
-205.5	59
-204.5	57
-203.5	56
-202.5	56.5
-201.5	57
-200.5	52
-199.5	60
-198.5	63
-197.5	51
-196.5	64
-195.5	50
-194.5	78
-193.5	69.5
-192.5	67.5
-191.5	75
-190.5	93.5
-189.5	87
-188.5	90
-187.5	70.5
-186.5	71
-185.5	70.5
-184.5	60.5
-183.5	62
-182.5	74.5
-181.5	50.5
-180.5	61
-179.5	74
-178.5	52.5
-177.5	68.5
-176.5	69
-175.5	64
-174.5	59
-173.5	57
-172.5	63
-171.5	53.125
-170.5	59
-169.5	61
-168.5	55.5
-167.5	80
-166.5	81.5
-165.5	58.5
-164.5	59.3333
-163.5	58.5
-162.5	43
-161.5	71.5
-160.5	79
-159.5	67
-158.5	65.3333
-157.5	62.5
-156.5	58
-155.5	66.5
-154.5	55.5
-153.5	60.5
-152.5	60
-151.5	63
-150.5	66.5
-149.5	54.6111
-148.5	56.5
-147.5	69
-146.5	45
-145.5	54.5
-144.5	54
-143.5	64
-142.5	58.5
-141.5	52
-140.5	54
-139.5	58
-138.5	64.5
-137.5	53
-136.5	58.625
-135.5	53.5
-134.5	55
-133.5	47
-132.5	49
-131.5	41
-130.5	37
-129.5	59.5
-128.5	37
-127.5	59.5
-126.5	56
-125.5	52
-124.5	47
-123.5	40
-122.5	35
-121.5	39.5
-120.5	44
-119.5	49.5
-118.5	39
-117.5	57
-116.5	52
-115.5	41.5
-114.5	45
-113.5	50
-112.5	43
-111.5	39
-110.5	47.5
-109.5	41.5
-108.5	41
-107.5	53
-106.5	50
-105.5	41
-104.5	46.5
-103.5	33
-102.5	30
-101.5	41.125
-100.5	33.6111
 -99.5	46
 -98.5	32
 -97.5	37
 -96.5	41
 -95.5	42.5
 -94.5	48
 -93.5	42
 -92.5	34
 -91.5	43.5
 -90.5	35
 -89.5	40.5
 -88.5	43
 -87.5	42
 -86.5	45.5
 -85.5	52.5
 -84.5	44.5
 -83.5	44
 -82.5	54
 -81.5	41
 -80.5	40.5
 -79.5	53
 -78.5	44
 -77.5	42.3333
 -76.5	59
 -75.5	47
 -74.5	52.5
 -73.5	32.5
 -72.5	45.5
 -71.5	51
 -70.5	34.5
 -69.5	42
 -68.5	39
 -67.5	34
 -66.5	43.125
 -65.5	38
 -64.5	36
 -63.5	51
 -62.5	39
 -61.5	40.5
 -60.5	42
 -59.5	44
 -58.5	44
 -57.5	39.5
 -56.5	42
 -55.5	43
 -54.5	40.5
 -53.5	35
 -52.5	47
 -51.5	53.1111
 -50.5	36.5
 -49.5	45.5
 -48.5	40
 -47.5	33
 -46.5	29
 -45.5	22
 -44.5	34.5
 -43.5	22
 -42.5	29
 -41.5	38
 -40.5	39
 -39.5	40
 -38.5	52
 -37.5	30
 -36.5	36
 -35.5	35
 -34.5	41.5
 -33.5	24
 -32.5	33
 -31.5	34.125
 -30.5	29
 -29.5	31
 -28.5	39.5
 -27.5	40
 -26.5	33.5
 -25.5	29
 -24.5	25
 -23.5	31
 -22.5	35
 -21.5	35
 -20.5	34
 -19.5	31
 -18.5	34
 -17.5	33
 -16.5	34
 -15.5	44
 -14.5	28.5
 -13.5	33
 -12.5	28.5
 -11.5	40
 -10.5	38.5
  -9.5	26
  -8.5	30
  -7.5	43
  -6.5	35
  -5.5	46.8333
  -4.5	31.5
  -3.5	24
  -2.5	34.1111
  -1.5	34
  -0.5	41
   0.5	43
   1.5	37
   2.5	35
   3.5	31.625
   4.5	27
   5.5	33
   6.5	35
   7.5	36
   8.5	29
   9.5	41
  10.5	31
  11.5	39
  12.5	36
  13.5	24
  14.5	39.5
  15.5	39
  16.5	30.5
  17.5	35
  18.5	32
  19.5	41.5
  20.5	34
  21.5	44.5
  22.5	36
  23.5	32.5
  24.5	26
  25.5	23
  26.5	35
  27.5	40
  28.5	38
  29.5	26
  30.5	44
  31.5	30
  32.5	29
  33.5	35
  34.5	40
  35.5	30
  36.5	29
  37.5	28
  38.5	30.5
  39.5	37.5
  40.5	34
  41.5	25.5
  42.5	29
  43.5	38.5
  44.5	35
  45.5	30
  46.5	31.6111
  47.5	38
  48.5	59
  49.5	35
  50.5	42
  51.5	48
  52.5	44
  53.5	47
  54.5	30
  55.5	45
  56.5	28
  57.5	44
  58.5	46
  59.5	42
  60.5	39
  61.5	37
  62.5	35
  63.5	41
  64.5	34
  65.5	30.5
  66.5	40.5
  67.5	43
  68.5	50
  69.5	35.5
  70.5	45
  71.5	37.5
  72.5	44
  73.5	43
  74.5	34.5
  75.5	50
  76.5	39
  77.5	53
  78.5	41.5
  79.5	38.5
  80.5	29.3333
  81.5	37
  82.5	39
  83.5	39
  84.5	40
  85.5	46
  86.5	52
  87.5	43
  88.5	37
  89.5	34
  90.5	33
  91.5	35
  92.5	31.5
  93.5	43
  94.5	39.5
  95.5	38.1111
  96.5	38.5
  97.5	50
  98.5	37.5
  99.5	30.5
 100.5	37
 101.5	39
 102.5	38
 103.5	42
 104.5	36
 105.5	51.5
 106.5	27
 107.5	47.5
 108.5	44
 109.5	36
 110.5	34
 111.5	50
 112.5	41
 113.5	41.3333
 114.5	48
 115.5	51
 116.5	40
 117.5	35
 118.5	40
 119.5	36
 120.5	40
 121.5	40
 122.5	33
 123.5	46
 124.5	44
 125.5	34
 126.5	50.5
 127.5	45
 128.5	41
 129.5	60
 130.5	45
 131.5	48
 132.5	38
 133.5	56.5
 134.5	57
 135.5	42
 136.5	47
 137.5	39
 138.5	62
 139.5	48
 140.5	49
 141.5	45
 142.5	51
 143.5	61
 144.5	54.1111
 145.5	54
 146.5	43.3333
 147.5	55
 148.5	53
 149.5	65
 150.5	71
 151.5	62
 152.5	51
 153.5	64
 154.5	67
 155.5	47
 156.5	70
 157.5	71
 158.5	58.5
 159.5	52.5
 160.5	64
 161.5	62
 162.5	72
 163.5	54
 164.5	59
 165.5	68.5
 166.5	70
 167.5	52.5
 168.5	67
 169.5	64
 170.5	66.5
 171.5	68
 172.5	74
 173.5	78
 174.5	67.5
 175.5	80.5
 176.5	52
 177.5	64
 178.5	69
 179.5	76.5
 180.5	66
 181.5	73
 182.5	61
 183.5	53
 184.5	73
 185.5	65
 186.5	74.5
 187.5	71.5
 188.5	93
 189.5	147
 190.5	110.5
 191.5	114
 192.5	94
 193.5	78.6111
 194.5	86.5
 195.5	63
 196.5	60
 197.5	74.5
 198.5	60.5
 199.5	73.3333
 200.5	53.5
 201.5	56
 202.5	66
 203.5	52.5
 204.5	54
 205.5	47.5
 206.5	58.5
 207.5	58
 208.5	65.5
 209.5	86.5
 210.5	50
 211.5	65
 212.5	52
 213.5	57
 214.5	35
 215.5	52
 216.5	62
 217.5	49
 218.5	51
 219.5	44.5
 220.5	42.5
 221.5	36
 222.5	47
 223.5	42.5
 224.5	51
 225.5	50
 226.5	52.5
 227.5	33
 228.5	48.5
 229.5	42.5
 230.5	32
 231.5	40
 232.5	50
 233.5	53
 234.5	50
 235.5	45.5
 236.5	37
 237.5	43
 238.5	41
 239.5	47.5
 240.5	41.5
 241.5	53
 242.5	39.6111
 243.5	45.5
